194
JQ993669_Isospora_sp._ex_Talpa_europaea         0.0000000 0.0067594 0.0135630 0.0243066 0.0253947 0.0243873 0.0244222 0.0368373 0.0237469 0.0277363 0.0216648 0.0326647 0.0216648 0.0223474 0.0248161 0.0243640 0.0330257 0.0234971 0.0235460 0.0244222 0.0226068 0.0252751 0.0209735 0.0243640 0.0261365 0.0234456 0.0261819 0.0261539 0.0254338 0.0261172 0.0225028 0.0234950 0.0296710 0.0359635 0.0588077 0.0224772 0.0242758 0.0252224 0.0243066 0.0245492 0.0252367 0.0225577 0.0224885 0.0234046 0.0234090 0.0224929 0.0208243 0.0252776 0.0237893 0.0243640 0.0286458 0.0243818 0.0270950 0.0275249 0.0244222 0.0243640 0.0235723 0.0243640 0.0253325 0.0243818 0.0233070 0.0246975 0.0246094 0.0244222 0.0244222 0.0197014 0.0280760 0.0285587 0.0233194 0.0216481 0.0272317 0.0207743 0.0216004 0.0319876 0.0451625 0.0216576 0.0262183 0.0272083 0.0207036 0.0215797 0.0232143 0.0235244 0.0234800 0.0234456 0.0344874 0.0234583 0.0346207 0.0239035 0.0252018 0.0256245 0.0242748 0.0274291 0.0285510 0.0274968 0.0274968 0.0245609 0.0296384 0.0267011 0.0274740 0.0297114 0.0253730 0.0264873 0.0276592 0.0235006 0.0253730 0.0250398 0.0274648 0.0285273 0.0264414 0.0224601 0.0264355 0.0244439 0.0274427 0.0275713 0.0244104 0.0285946 0.0269772 0.0275054 0.0240891 0.0277743 0.0272657 0.0253443 0.0274740 0.0270416 0.0267666 0.0260725 0.0259962 0.0264611 0.0282774 0.0274968 0.0266050 0.0267407 0.0264932 0.0242748 0.0291108 0.0282123 0.0236948 0.0260643 0.0263628 0.0265961 0.0239635 0.0274427 0.0280177 0.0269099 0.0267001 0.0263113 0.0279332 0.0285327 0.0270416 0.0282063 0.0285273 0.0270416 0.0276628 0.0270416 0.0264414 0.0270540 0.0254338 0.0263020 0.0256405 0.0365773 0.0236309 0.0264885 0.0262881 0.0264131 0.0293959 0.0325074 0.0262251 0.0283892 0.0263706 0.0244681 0.0262064 0.0262064 0.0262881 0.0274260 0.0235734 0.0236762 0.0245701 0.0274925 0.0338369 0.0279970 0.0244163 0.0266671 0.0255467 0.0280961 0.0297699 0.0246066 0.0274369 0.0210759 0.0328361 0.0247617 0.0254610 0.0256245 0.0284887 0.0259737 
JQ993670_Isospora_sp._ex_Talpa_europaea         0.0067594 0.0000000 0.0138423 0.0323941 0.0365552 0.0324361 0.0325012 0.0740497 0.0299520 0.0337826 0.0299520 0.0445922 0.0299520 0.0299520 0.0332730 0.0323941 0.0575279 0.0311996 0.0312904 0.0325012 0.0312937 0.0337587 0.0210276 0.0323941 0.0349697 0.0312056 0.0350516 0.0349652 0.0353852 0.0366814 0.0351612 0.0312962 0.0458420 0.0392885 0.0420862 0.0338876 0.0363969 0.0364333 0.0323941 0.0354648 0.0337087 0.0351662 0.0351302 0.0336652 0.0338228 0.0337488 0.0327336 0.0377953 0.0330086 0.0323941 0.0323941 0.0324269 0.0338608 0.0402881 0.0325012 0.0323941 0.0313369 0.0323941 0.0325012 0.0324269 0.0247172 0.0330086 0.0332386 0.0325012 0.0325012 0.0197493 0.0364939 0.0447577 0.0349970 0.0301016 0.0340469 0.0288825 0.0326182 0.0448593 0.0519977 0.0301016 0.0379019 0.0366340 0.0313710 0.0312657 0.0320246 0.0316642 0.0311680 0.0312056 0.0484543 0.0311373 0.0593498 0.0319483 0.0336449 0.0349245 0.0341743 0.0394061 0.0408385 0.0392520 0.0392520 0.0365617 0.0424932 0.0373442 0.0392032 0.0408385 0.0358405 0.0334109 0.0393023 0.0319271 0.0358405 0.0336451 0.0389108 0.0407875 0.0360275 0.0317054 0.0347223 0.0329595 0.0374862 0.0394083 0.0342158 0.0409286 0.0349245 0.0376087 0.0322943 0.0396162 0.0371464 0.0342187 0.0392032 0.0367196 0.0361960 0.0369547 0.0356450 0.0360657 0.0396518 0.0392520 0.0396020 0.0361474 0.0366185 0.0341743 0.0373717 0.0339080 0.0319877 0.0351379 0.0354379 0.0347181 0.0325002 0.0374862 0.0354024 0.0364675 0.0360709 0.0357786 0.0379664 0.0391203 0.0367196 0.0384890 0.0407875 0.0367196 0.0412029 0.0367196 0.0360275 0.0372166 0.0353852 0.0356933 0.0356360 0.0496666 0.0301797 0.0356721 0.0352990 0.0355320 0.0414289 0.0444214 0.0351814 0.0446387 0.0352503 0.0325333 0.0351463 0.0351463 0.0352990 0.0382846 0.0322224 0.0324211 0.0336707 0.0774992 0.0377350 0.0390895 0.0634707 0.0369644 0.0352629 0.0361688 0.0415609 0.0648955 0.0391256 0.0297928 0.0394343 0.0378208 0.0350930 0.0349245 0.0407068 0.0407217 
JQ993671_Isospora_sp._ex_Talpa_europaea         0.0135630 0.0138423 0.0000000 0.0361413 0.0353537 0.0365179 0.0365664 0.0514021 0.0286684 0.0328236 0.0349401 0.0400525 0.0348454 0.0280739 0.0368984 0.0362356 0.0473967 0.0356990 0.0357670 0.0364654 0.0361305 0.0366841 0.0270874 0.0364868 0.0383127 0.0348721 0.0382261 0.0373195 0.0348240 0.0394664 0.0317927 0.0341255 0.0388905 0.0463484 0.0664229 0.0299923 0.0333575 0.0342035 0.0367597 0.0377515 0.0376269 0.0322814 0.0321910 0.0391542 0.0368783 0.0349732 0.0314530 0.0366262 0.0369733 0.0353423 0.0335055 0.0365113 0.0320548 0.0334747 0.0365664 0.0364868 0.0355241 0.0358378 0.0332454 0.0359106 0.0261563 0.0362964 0.0372307 0.0365664 0.0367019 0.0254178 0.0392276 0.0431521 0.0353314 0.0284564 0.0367345 0.0276988 0.0284027 0.0400762 0.0535333 0.0284673 0.0324567 0.0341245 0.0276174 0.0292094 0.0322881 0.0351265 0.0356751 0.0369649 0.0440347 0.0355843 0.0416121 0.0370695 0.0364574 0.0390156 0.0328549 0.0390264 0.0397820 0.0386427 0.0386427 0.0369942 0.0409577 0.0345567 0.0386528 0.0410614 0.0339992 0.0382540 0.0389543 0.0324872 0.0339615 0.0379506 0.0361727 0.0397031 0.0376499 0.0347268 0.0391041 0.0375489 0.0402099 0.0419661 0.0330417 0.0398428 0.0378286 0.0409190 0.0366794 0.0395336 0.0403832 0.0378182 0.0386095 0.0383143 0.0391618 0.0355346 0.0373723 0.0391038 0.0405109 0.0386861 0.0391009 0.0405806 0.0390238 0.0328185 0.0377444 0.0338741 0.0349508 0.0383931 0.0385892 0.0395562 0.0373262 0.0402099 0.0364213 0.0398962 0.0396089 0.0394810 0.0388736 0.0412368 0.0396743 0.0412669 0.0397031 0.0394937 0.0421818 0.0394937 0.0392562 0.0404508 0.0348240 0.0385594 0.0378392 0.0483351 0.0345093 0.0388759 0.0384898 0.0386565 0.0416808 0.0446329 0.0384052 0.0396925 0.0372548 0.0363446 0.0380811 0.0380811 0.0382149 0.0408785 0.0367055 0.0368461 0.0376129 0.0490782 0.0412545 0.0410755 0.0456928 0.0394540 0.0386722 0.0390855 0.0425843 0.0425989 0.0387737 0.0326509 0.0435273 0.0383295 0.0370372 0.0370530 0.0397152 0.0402019 
JQ993665_Eimeria_nafuko                         0.0243066 0.0323941 0.0361413 0.0000000 0.0176918 0.0007357 0.0007366 0.0050838 0.0042748 0.0054179 0.0044591 0.0000010 0.0044591 0.0040359 0.0007472 0.0007351 0.0035158 0.0029531 0.0007372 0.0007366 0.0052209 0.0062237 0.0013372 0.0007351 0.0021928 0.0021920 0.0021949 0.0029272 0.0009114 0.0108393 0.0151091 0.0044062 0.0220733 0.0184208 0.0271153 0.0198864 0.0174504 0.0174513 0.0007283 0.0067640 0.0051423 0.0152580 0.0152169 0.0082261 0.0074234 0.0112481 0.0137235 0.0174850 0.0007442 0.0000010 0.0030887 0.0007355 0.0010534 0.0012818 0.0007366 0.0007351 0.0007381 0.0000010 0.0000010 0.0000010 0.0000010 0.0000010 0.0007665 0.0007366 0.0007366 0.0000010 0.0120203 0.0039985 0.0167753 0.0191490 0.0265346 0.0199505 0.0183294 0.0291164 0.0425364 0.0191565 0.0240078 0.0240326 0.0183212 0.0190953 0.0027063 0.0023528 0.0029513 0.0036660 0.0000010 0.0029489 0.0163759 0.0029966 0.0014579 0.0110508 0.0028391 0.0076065 0.0096847 0.0106576 0.0106576 0.0068392 0.0106856 0.0009599 0.0106607 0.0107106 0.0000024 0.0102026 0.0107374 0.0035302 0.0000024 0.0007523 0.0018940 0.0096670 0.0103338 0.0056549 0.0094017 0.0038278 0.0118045 0.0132251 0.0028538 0.0116706 0.0101559 0.0118274 0.0030163 0.0076978 0.0109241 0.0007600 0.0106494 0.0102547 0.0107513 0.0000025 0.0113358 0.0109919 0.0114366 0.0106690 0.0107765 0.0107424 0.0105641 0.0028361 0.0010401 0.0000010 0.0023419 0.0015109 0.0106114 0.0030913 0.0015535 0.0118045 0.0113353 0.0108009 0.0107289 0.0109379 0.0093815 0.0110506 0.0108461 0.0101316 0.0096670 0.0108461 0.0113032 0.0108461 0.0109850 0.0121933 0.0009114 0.0094347 0.0106802 0.0123781 0.0022580 0.0106554 0.0105853 0.0106290 0.0103775 0.0155242 0.0105635 0.0123602 0.0022245 0.0007377 0.0105571 0.0105571 0.0105853 0.0032706 0.0007918 0.0007947 0.0015866 0.0155313 0.0136060 0.0115591 0.0205253 0.0101961 0.0113854 0.0092889 0.0148303 0.0173865 0.0106916 0.0031762 0.0122519 0.0095743 0.0106690 0.0104303 0.0105161 0.0100058 
JQ993659_Eimeria_alorani                        0.0253947 0.0365552 0.0353537 0.0176918 0.0000000 0.0166933 0.0166795 0.0291304 0.0154494 0.0156218 0.0174825 0.0223567 0.0176763 0.0156505 0.0169170 0.0166795 0.0248297 0.0159125 0.0159420 0.0166795 0.0198766 0.0212101 0.0067487 0.0166795 0.0182652 0.0182568 0.0182821 0.0190477 0.0170477 0.0214208 0.0066619 0.0199007 0.0098323 0.0291287 0.0457515 0.0112009 0.0029307 0.0044056 0.0174926 0.0183063 0.0198446 0.0021921 0.0021921 0.0222206 0.0190631 0.0089486 0.0097940 0.0044140 0.0168464 0.0172726 0.0171202 0.0166795 0.0152934 0.0173264 0.0166795 0.0166795 0.0167477 0.0170512 0.0158317 0.0171050 0.0087209 0.0172291 0.0165365 0.0166795 0.0166795 0.0063700 0.0223411 0.0205812 0.0151170 0.0112517 0.0207563 0.0120229 0.0119924 0.0223933 0.0344005 0.0112560 0.0159267 0.0159425 0.0119873 0.0112205 0.0168208 0.0179671 0.0159125 0.0184355 0.0235601 0.0159128 0.0059843 0.0162718 0.0174546 0.0208232 0.0156678 0.0224799 0.0229535 0.0239610 0.0239610 0.0201425 0.0240252 0.0179870 0.0239676 0.0240832 0.0167036 0.0198304 0.0241459 0.0154907 0.0166857 0.0170712 0.0187249 0.0229100 0.0212125 0.0205208 0.0190046 0.0164759 0.0214749 0.0254049 0.0157523 0.0250553 0.0228054 0.0216685 0.0162276 0.0227583 0.0213921 0.0172146 0.0239416 0.0219139 0.0210043 0.0179655 0.0224481 0.0206335 0.0257672 0.0239871 0.0242351 0.0218579 0.0245826 0.0156509 0.0195612 0.0122463 0.0162182 0.0178866 0.0207271 0.0190558 0.0175986 0.0214749 0.0222366 0.0211480 0.0210043 0.0205762 0.0209068 0.0210410 0.0211921 0.0205750 0.0229100 0.0214346 0.0220463 0.0214346 0.0206202 0.0261113 0.0170477 0.0238196 0.0200661 0.0300805 0.0164361 0.0208136 0.0206757 0.0207618 0.0246469 0.0259464 0.0206886 0.0240730 0.0174938 0.0166965 0.0206757 0.0206757 0.0206886 0.0201908 0.0170953 0.0171598 0.0179439 0.0413619 0.0268505 0.0217067 0.0368501 0.0218406 0.0213785 0.0252828 0.0249911 0.0320054 0.0240392 0.0155844 0.0264763 0.0227211 0.0219197 0.0214162 0.0225465 0.0237787 
KU174470_Eimeria_apionodes                      0.0243873 0.0324361 0.0365179 0.0007357 0.0166933 0.0000000 0.0000020 0.0036598 0.0042798 0.0054242 0.0036272 0.0000028 0.0037064 0.0040402 0.0000021 0.0000020 0.0035211 0.0021623 0.0000020 0.0000020 0.0058747 0.0062295 0.0013372 0.0000020 0.0021635 0.0028857 0.0014418 0.0021635 0.0009123 0.0100389 0.0141398 0.0043549 0.0207487 0.0173865 0.0259071 0.0188340 0.0164422 0.0164431 0.0007199 0.0058722 0.0043429 0.0141408 0.0141321 0.0080381 0.0065830 0.0118597 0.0127922 0.0180315 0.0000020 0.0000021 0.0030929 0.0000020 0.0010546 0.0012836 0.0000020 0.0000020 0.0000020 0.0000021 0.0000022 0.0000021 0.0000010 0.0000021 0.0000021 0.0000020 0.0000020 0.0000010 0.0111026 0.0029027 0.0165750 0.0189195 0.0262112 0.0197110 0.0181102 0.0287587 0.0401377 0.0189268 0.0237173 0.0237414 0.0181023 0.0188670 0.0027089 0.0023545 0.0021609 0.0029448 0.0000028 0.0021610 0.0164126 0.0022378 0.0007184 0.0101564 0.0028421 0.0076155 0.0096952 0.0106692 0.0106692 0.0068470 0.0106972 0.0009609 0.0106723 0.0107223 0.0000024 0.0091887 0.0107492 0.0035338 0.0000024 0.0000021 0.0009468 0.0096774 0.0103427 0.0056609 0.0084088 0.0030271 0.0107849 0.0132384 0.0028568 0.0116834 0.0101669 0.0109599 0.0022163 0.0077072 0.0100259 0.0000021 0.0106609 0.0102644 0.0097463 0.0000025 0.0113458 0.0099509 0.0114500 0.0106806 0.0107887 0.0106425 0.0105747 0.0028390 0.0010412 0.0000010 0.0023435 0.0007371 0.0096142 0.0022609 0.0007677 0.0107849 0.0113481 0.0099143 0.0098488 0.0100387 0.0093894 0.0102603 0.0098625 0.0092436 0.0096774 0.0100451 0.0102986 0.0100451 0.0099864 0.0122057 0.0009123 0.0094457 0.0096747 0.0123966 0.0022599 0.0096803 0.0095911 0.0096297 0.0103887 0.0144238 0.0095719 0.0110642 0.0014474 0.0000020 0.0095662 0.0095662 0.0095911 0.0023887 0.0000021 0.0000021 0.0007731 0.0155636 0.0136244 0.0104502 0.0195588 0.0102058 0.0102974 0.0093007 0.0136382 0.0150251 0.0107032 0.0031790 0.0122669 0.0095845 0.0106795 0.0104394 0.0105265 0.0100170 
KU174461_Eimeria_apionodes                      0.0244222 0.0325012 0.0365664 0.0007366 0.0166795 0.0000020 0.0000000 0.0036548 0.0042835 0.0054339 0.0036293 0.0000010 0.0037085 0.0040436 0.0000010 0.0000010 0.0035158 0.0021635 0.0000026 0.0000010 0.0058781 0.0062389 0.0013372 0.0000010 0.0021659 0.0028896 0.0014437 0.0021660 0.0009114 0.0100299 0.0141562 0.0043605 0.0207313 0.0174081 0.0259408 0.0188573 0.0164624 0.0164632 0.0007207 0.0058674 0.0043486 0.0141485 0.0141485 0.0080474 0.0065907 0.0118737 0.0128080 0.0180538 0.0000010 0.0000010 0.0030975 0.0000010 0.0010534 0.0012818 0.0000010 0.0000010 0.0000026 0.0000010 0.0000010 0.0000010 0.0000010 0.0000010 0.0000010 0.0000010 0.0000010 0.0000010 0.0111156 0.0029003 0.0165955 0.0189430 0.0262448 0.0197356 0.0181327 0.0287961 0.0411188 0.0189503 0.0237473 0.0237715 0.0181247 0.0188905 0.0027063 0.0023528 0.0021635 0.0029487 0.0000010 0.0021635 0.0163759 0.0022361 0.0007192 0.0101469 0.0028391 0.0076065 0.0096847 0.0106576 0.0106576 0.0068392 0.0106856 0.0009599 0.0106607 0.0107106 0.0000024 0.0091810 0.0107374 0.0035302 0.0000024 0.0000021 0.0018940 0.0096670 0.0103338 0.0056549 0.0084019 0.0030245 0.0107750 0.0132251 0.0028538 0.0116706 0.0101559 0.0109498 0.0022145 0.0076978 0.0100169 0.0000010 0.0106494 0.0102547 0.0097378 0.0000025 0.0113358 0.0099419 0.0114366 0.0106690 0.0107765 0.0106331 0.0105641 0.0028361 0.0010401 0.0000010 0.0023419 0.0007365 0.0096062 0.0022591 0.0007670 0.0107750 0.0113353 0.0099053 0.0098401 0.0100294 0.0093815 0.0102508 0.0098538 0.0092354 0.0096670 0.0100361 0.0102886 0.0100361 0.0099774 0.0121933 0.0009114 0.0094347 0.0096668 0.0123781 0.0022580 0.0096722 0.0095831 0.0096217 0.0103775 0.0144113 0.0095831 0.0110528 0.0014464 0.0000010 0.0095775 0.0095775 0.0095831 0.0023866 0.0000010 0.0000021 0.0007725 0.0155313 0.0136060 0.0104408 0.0195266 0.0101961 0.0102882 0.0092889 0.0136257 0.0150003 0.0106916 0.0031762 0.0122519 0.0095743 0.0106690 0.0104303 0.0105161 0.0100058 
KU174464_Eimeria_apionodes                      0.0368373 0.0740497 0.0514021 0.0050838 0.0291304 0.0036598 0.0036548 0.0000000 0.0164732 0.0199698 0.0086613 0.0056516 0.0089886 0.0142976 0.0036548 0.0036548 0.0067072 0.0061130 0.0000021 0.0036548 0.0126332 0.0162764 0.0129838 0.0036548 0.0061310 0.0061130 0.0048920 0.0048872 0.0060785 0.0156800 0.0203469 0.0098889 0.0285918 0.0275421 0.0447329 0.0273040 0.0285057 0.0271687 0.0048983 0.0112389 0.0073809 0.0244179 0.0244179 0.0150221 0.0112381 0.0231274 0.0234836 0.0300214 0.0036597 0.0039454 0.0151006 0.0036548 0.0105751 0.0070033 0.0036548 0.0036548 0.0036792 0.0038614 0.0049057 0.0038817 0.0076547 0.0038682 0.0036583 0.0036548 0.0036755 0.0087253 0.0164562 0.0061130 0.0302446 0.0302550 0.0419327 0.0316320 0.0287973 0.0481775 0.0630385 0.0302753 0.0302037 0.0347235 0.0287656 0.0273952 0.0075744 0.0066650 0.0061130 0.0076238 0.0053536 0.0061191 0.0243080 0.0063237 0.0048810 0.0154827 0.0076288 0.0155547 0.0140883 0.0156638 0.0156638 0.0141843 0.0157501 0.0062497 0.0156907 0.0157900 0.0045652 0.0138495 0.0158335 0.0076576 0.0045576 0.0037407 0.0076446 0.0140641 0.0161196 0.0118814 0.0138533 0.0062484 0.0152043 0.0188374 0.0076836 0.0156907 0.0173284 0.0155814 0.0061539 0.0157928 0.0154443 0.0036548 0.0156638 0.0162665 0.0151207 0.0049606 0.0160847 0.0150999 0.0173943 0.0156907 0.0157979 0.0167923 0.0149881 0.0076160 0.0053536 0.0092862 0.0065276 0.0048810 0.0150999 0.0073928 0.0049889 0.0152043 0.0243290 0.0154443 0.0154443 0.0154443 0.0147133 0.0144055 0.0152043 0.0141292 0.0140641 0.0156800 0.0141292 0.0156800 0.0152043 0.0165563 0.0060785 0.0193635 0.0151736 0.0190892 0.0065792 0.0151726 0.0150999 0.0150999 0.0156061 0.0152147 0.0150999 0.0150999 0.0061524 0.0036609 0.0150999 0.0150999 0.0150999 0.0048810 0.0036548 0.0036598 0.0048810 0.0156107 0.0277634 0.0138147 0.0196035 0.0154100 0.0150999 0.0202471 0.0150999 0.0150596 0.0157979 0.0079075 0.0208166 0.0170215 0.0160847 0.0162069 0.0147611 0.0170611 
KU174480_Eimeria_apionodes                      0.0237469 0.0299520 0.0286684 0.0042748 0.0154494 0.0042798 0.0042835 0.0164732 0.0000000 0.0054476 0.0000010 0.0063310 0.0000010 0.0000010 0.0043743 0.0042748 0.0063357 0.0032026 0.0032118 0.0042835 0.0010619 0.0042654 0.0000010 0.0042748 0.0064417 0.0032062 0.0064560 0.0064417 0.0062434 0.0090026 0.0131419 0.0032148 0.0217452 0.0132116 0.0121081 0.0177196 0.0142458 0.0142584 0.0042748 0.0043101 0.0053603 0.0131313 0.0131313 0.0042547 0.0042859 0.0064689 0.0132843 0.0154121 0.0043482 0.0042748 0.0042748 0.0042748 0.0053773 0.0069982 0.0042835 0.0042748 0.0042998 0.0042748 0.0042835 0.0042748 0.0024533 0.0043420 0.0045375 0.0042835 0.0042835 0.0012595 0.0097910 0.0051515 0.0166072 0.0143280 0.0189362 0.0132186 0.0143280 0.0273885 0.0375974 0.0143280 0.0236847 0.0201014 0.0132106 0.0154118 0.0036917 0.0033749 0.0032026 0.0032062 0.0070762 0.0031998 0.0235747 0.0032721 0.0053512 0.0092605 0.0039096 0.0085922 0.0119950 0.0106437 0.0106437 0.0080466 0.0133696 0.0065482 0.0106324 0.0133979 0.0052371 0.0080338 0.0106554 0.0047278 0.0052371 0.0044178 0.0078714 0.0119822 0.0091799 0.0039905 0.0091886 0.0045036 0.0103710 0.0106822 0.0039135 0.0120195 0.0092605 0.0104004 0.0033035 0.0086330 0.0091053 0.0044847 0.0106324 0.0090107 0.0088969 0.0053808 0.0106275 0.0091884 0.0107410 0.0106437 0.0107294 0.0088860 0.0108886 0.0039096 0.0065526 0.0048223 0.0034055 0.0055566 0.0087296 0.0057018 0.0057897 0.0103710 0.0087220 0.0089564 0.0088698 0.0091223 0.0101338 0.0116136 0.0090107 0.0102588 0.0119822 0.0090107 0.0120916 0.0090107 0.0091799 0.0118826 0.0062434 0.0082280 0.0087740 0.0130696 0.0032260 0.0087817 0.0086987 0.0087504 0.0121628 0.0158145 0.0086808 0.0107890 0.0064882 0.0042872 0.0086732 0.0086732 0.0086987 0.0087587 0.0047667 0.0047934 0.0059757 0.0279632 0.0111840 0.0124166 0.0214243 0.0109802 0.0096771 0.0068944 0.0148020 0.0217801 0.0106133 0.0034621 0.0116280 0.0071693 0.0096360 0.0092605 0.0119607 0.0076455 
KU174483_Eimeria_apionodes                      0.0277363 0.0337826 0.0328236 0.0054179 0.0156218 0.0054242 0.0054339 0.0199698 0.0054476 0.0000000 0.0054476 0.0080883 0.0054476 0.0054476 0.0055508 0.0054179 0.0086990 0.0043344 0.0043460 0.0054339 0.0065655 0.0076309 0.0040455 0.0054179 0.0076204 0.0043355 0.0076375 0.0076203 0.0076220 0.0126630 0.0144399 0.0021580 0.0232531 0.0156896 0.0110871 0.0214963 0.0155603 0.0155743 0.0054179 0.0077196 0.0043183 0.0144413 0.0144281 0.0098538 0.0076684 0.0076529 0.0169636 0.0167493 0.0055171 0.0054179 0.0054179 0.0054227 0.0065489 0.0085614 0.0054339 0.0054179 0.0054496 0.0054179 0.0054339 0.0054227 0.0036907 0.0055104 0.0057610 0.0054339 0.0054339 0.0025263 0.0133323 0.0070336 0.0203576 0.0180127 0.0227613 0.0168780 0.0180127 0.0314932 0.0420538 0.0180127 0.0276609 0.0239619 0.0168674 0.0191161 0.0024833 0.0022685 0.0043305 0.0021522 0.0090641 0.0043268 0.0267963 0.0044288 0.0065109 0.0130338 0.0053077 0.0132672 0.0164297 0.0150339 0.0150339 0.0124009 0.0178558 0.0080009 0.0150173 0.0164297 0.0066651 0.0117454 0.0150509 0.0060066 0.0066651 0.0056064 0.0093508 0.0164116 0.0129175 0.0081983 0.0129308 0.0057174 0.0141524 0.0150893 0.0053133 0.0164641 0.0130338 0.0141938 0.0044719 0.0133319 0.0128106 0.0056930 0.0150173 0.0126747 0.0125107 0.0068517 0.0145114 0.0129298 0.0151743 0.0150339 0.0151575 0.0124952 0.0148765 0.0053077 0.0080068 0.0060320 0.0046121 0.0067707 0.0122706 0.0069504 0.0070592 0.0141524 0.0122597 0.0125963 0.0124719 0.0128349 0.0138220 0.0154558 0.0126747 0.0139964 0.0164116 0.0126747 0.0165646 0.0126747 0.0129175 0.0158213 0.0076220 0.0126900 0.0123343 0.0185740 0.0043655 0.0123454 0.0122263 0.0123005 0.0166657 0.0196448 0.0121893 0.0159002 0.0076831 0.0054386 0.0121785 0.0121785 0.0122263 0.0101839 0.0060569 0.0060905 0.0072897 0.0404906 0.0152904 0.0165505 0.0323563 0.0150048 0.0136349 0.0113425 0.0189673 0.0329375 0.0149898 0.0046901 0.0159141 0.0118085 0.0135753 0.0130338 0.0163815 0.0126173 
KU174462_Eimeria_apionodes                      0.0216648 0.0299520 0.0349401 0.0044591 0.0174825 0.0036272 0.0036293 0.0086613 0.0000010 0.0054476 0.0000000 0.0063481 0.0000010 0.0000010 0.0036811 0.0036243 0.0047332 0.0028978 0.0029028 0.0036293 0.0021781 0.0035263 0.0000010 0.0036243 0.0058269 0.0036285 0.0050974 0.0058268 0.0055387 0.0076815 0.0149188 0.0051064 0.0207608 0.0150505 0.0301439 0.0180386 0.0172298 0.0172308 0.0043625 0.0036483 0.0050965 0.0149107 0.0149107 0.0043377 0.0028968 0.0126299 0.0120117 0.0188270 0.0036663 0.0037904 0.0072904 0.0036243 0.0053241 0.0064946 0.0036293 0.0036243 0.0036387 0.0037435 0.0042794 0.0037549 0.0024533 0.0037890 0.0037746 0.0036293 0.0036415 0.0012595 0.0088426 0.0038979 0.0157838 0.0181203 0.0246116 0.0173592 0.0173152 0.0279156 0.0401617 0.0181273 0.0228985 0.0229217 0.0157694 0.0180702 0.0036352 0.0031574 0.0028978 0.0037030 0.0066780 0.0028978 0.0207683 0.0029998 0.0043533 0.0077709 0.0038148 0.0064999 0.0086925 0.0077089 0.0077089 0.0058461 0.0096876 0.0058367 0.0077112 0.0097102 0.0047843 0.0068558 0.0077663 0.0044448 0.0047793 0.0037550 0.0067176 0.0086766 0.0079126 0.0028124 0.0076214 0.0038042 0.0084293 0.0105280 0.0038348 0.0087054 0.0073479 0.0085653 0.0029706 0.0065771 0.0076717 0.0037431 0.0077030 0.0078531 0.0074588 0.0051362 0.0088652 0.0076145 0.0082693 0.0077171 0.0077948 0.0083186 0.0078839 0.0038108 0.0063318 0.0048223 0.0031426 0.0044652 0.0073583 0.0060882 0.0046520 0.0084293 0.0081953 0.0075866 0.0075368 0.0076812 0.0085798 0.0094412 0.0075471 0.0084473 0.0086766 0.0076862 0.0094083 0.0076862 0.0076415 0.0095337 0.0055387 0.0062531 0.0074045 0.0109599 0.0030293 0.0074087 0.0073407 0.0073701 0.0093124 0.0120839 0.0073304 0.0082465 0.0051145 0.0036350 0.0073261 0.0073261 0.0073407 0.0064356 0.0038971 0.0039113 0.0046853 0.0135152 0.0136191 0.0096157 0.0148918 0.0093240 0.0078785 0.0057674 0.0111706 0.0104098 0.0077334 0.0039962 0.0111029 0.0066659 0.0081692 0.0079862 0.0096159 0.0069647 
KU174463_Eimeria_apionodes                      0.0326647 0.0445922 0.0400525 0.0000010 0.0223567 0.0000028 0.0000010 0.0056516 0.0063310 0.0080883 0.0063481 0.0000000 0.0063481 0.0058207 0.0000010 0.0000010 0.0047202 0.0037663 0.0000024 0.0000010 0.0076558 0.0076481 0.0020098 0.0000010 0.0025085 0.0037713 0.0025151 0.0025043 0.0012497 0.0102674 0.0141648 0.0037778 0.0224104 0.0156816 0.0215870 0.0210718 0.0195546 0.0209145 0.0000010 0.0089584 0.0050366 0.0182213 0.0182213 0.0115007 0.0102930 0.0129166 0.0184583 0.0210345 0.0000010 0.0000010 0.0045015 0.0000010 0.0015452 0.0014417 0.0000010 0.0000010 0.0000024 0.0000010 0.0000010 0.0000010 0.0000010 0.0000010 0.0000010 0.0000010 0.0000010 0.0000010 0.0129655 0.0040301 0.0225173 0.0197226 0.0280839 0.0211012 0.0183978 0.0341676 0.0419312 0.0197226 0.0224943 0.0239467 0.0197290 0.0197153 0.0037713 0.0037713 0.0037663 0.0037713 0.0000010 0.0037664 0.0164407 0.0037626 0.0012497 0.0102674 0.0037626 0.0089664 0.0089664 0.0102674 0.0102674 0.0089664 0.0102885 0.0012514 0.0102674 0.0102989 0.0000028 0.0089773 0.0102817 0.0037664 0.0000028 0.0000028 0.0025054 0.0089664 0.0102674 0.0076406 0.0089794 0.0037626 0.0102674 0.0102674 0.0037717 0.0102674 0.0102674 0.0102783 0.0037626 0.0089794 0.0102674 0.0000010 0.0102674 0.0102674 0.0102674 0.0000028 0.0102674 0.0102674 0.0102674 0.0102674 0.0102674 0.0102674 0.0102674 0.0037626 0.0012518 0.0000010 0.0037626 0.0012497 0.0102780 0.0025127 0.0012497 0.0102674 0.0117893 0.0102674 0.0102674 0.0102674 0.0089664 0.0089664 0.0102674 0.0089664 0.0089664 0.0102674 0.0089664 0.0102674 0.0102674 0.0102674 0.0012497 0.0118086 0.0103512 0.0124109 0.0037848 0.0102959 0.0102674 0.0102780 0.0090077 0.0102965 0.0102780 0.0102674 0.0025212 0.0000010 0.0102674 0.0102674 0.0102780 0.0025109 0.0000010 0.0000028 0.0012497 0.0189414 0.0127430 0.0089664 0.0207567 0.0089664 0.0102674 0.0105072 0.0102674 0.0209637 0.0102674 0.0050416 0.0106974 0.0102674 0.0102674 0.0102674 0.0089664 0.0102674 
KU174468_Eimeria_apionodes                      0.0216648 0.0299520 0.0348454 0.0044591 0.0176763 0.0037064 0.0037085 0.0089886 0.0000010 0.0054476 0.0000010 0.0063481 0.0000000 0.0000010 0.0037626 0.0037033 0.0047332 0.0029609 0.0029662 0.0037085 0.0022127 0.0035263 0.0000010 0.0037033 0.0052040 0.0037077 0.0052090 0.0059544 0.0055387 0.0076815 0.0152533 0.0044626 0.0212405 0.0153910 0.0308617 0.0184460 0.0176177 0.0176187 0.0044579 0.0037253 0.0052081 0.0152448 0.0152448 0.0036920 0.0029575 0.0113548 0.0122701 0.0176531 0.0037471 0.0037904 0.0072904 0.0037033 0.0053241 0.0064946 0.0037085 0.0037033 0.0037183 0.0037435 0.0042794 0.0037549 0.0024533 0.0037890 0.0038604 0.0037085 0.0037085 0.0012595 0.0090386 0.0040129 0.0161403 0.0177028 0.0234797 0.0169270 0.0168833 0.0276826 0.0401742 0.0177097 0.0225703 0.0225936 0.0153087 0.0176528 0.0036352 0.0031574 0.0029609 0.0037128 0.0066780 0.0029610 0.0207683 0.0030047 0.0044483 0.0078303 0.0038148 0.0064999 0.0086925 0.0077089 0.0077089 0.0058461 0.0096876 0.0058367 0.0077112 0.0097102 0.0047843 0.0070069 0.0077663 0.0044448 0.0047793 0.0037883 0.0067176 0.0086766 0.0079126 0.0028124 0.0077895 0.0038384 0.0085870 0.0105280 0.0038348 0.0087054 0.0073479 0.0086034 0.0030245 0.0065771 0.0077412 0.0038274 0.0077030 0.0078531 0.0076197 0.0051362 0.0088652 0.0077890 0.0082693 0.0077171 0.0077948 0.0076133 0.0078839 0.0038108 0.0063318 0.0048223 0.0031426 0.0045652 0.0075211 0.0062277 0.0046946 0.0085870 0.0081953 0.0076546 0.0076039 0.0077509 0.0085798 0.0094412 0.0076862 0.0085239 0.0086766 0.0076862 0.0095034 0.0076862 0.0077842 0.0095337 0.0055387 0.0062531 0.0075694 0.0109599 0.0030293 0.0075520 0.0075027 0.0075334 0.0093124 0.0123222 0.0074920 0.0084749 0.0052269 0.0037145 0.0074875 0.0074875 0.0075027 0.0065916 0.0039885 0.0040035 0.0047955 0.0135152 0.0136191 0.0098478 0.0155739 0.0093240 0.0080654 0.0057674 0.0114390 0.0108861 0.0077334 0.0039962 0.0111029 0.0066659 0.0081692 0.0079862 0.0096159 0.0069647 
KU174479_Eimeria_apionodes                      0.0223474 0.0299520 0.0280739 0.0040359 0.0156505 0.0040402 0.0040436 0.0142976 0.0000010 0.0054476 0.0000010 0.0058207 0.0000010 0.0000000 0.0041244 0.0040359 0.0056719 0.0030238 0.0030320 0.0040436 0.0010029 0.0040275 0.0000010 0.0040359 0.0060801 0.0030270 0.0060928 0.0060801 0.0058394 0.0084743 0.0123902 0.0030347 0.0204670 0.0124521 0.0114122 0.0166956 0.0134305 0.0144952 0.0040359 0.0040664 0.0050598 0.0123807 0.0123807 0.0040179 0.0040457 0.0061043 0.0125167 0.0145263 0.0041012 0.0040359 0.0072904 0.0040359 0.0053241 0.0064946 0.0040436 0.0040359 0.0040582 0.0040359 0.0040436 0.0040359 0.0024533 0.0040957 0.0042692 0.0040436 0.0040436 0.0012595 0.0092344 0.0047040 0.0156476 0.0135035 0.0178360 0.0124584 0.0135035 0.0257612 0.0353036 0.0135035 0.0222925 0.0189308 0.0124513 0.0145260 0.0034561 0.0031769 0.0030238 0.0030270 0.0064446 0.0030213 0.0208517 0.0030857 0.0050517 0.0087024 0.0036463 0.0079606 0.0111703 0.0099131 0.0099131 0.0074902 0.0124477 0.0061052 0.0099033 0.0124723 0.0048829 0.0075535 0.0099232 0.0044372 0.0048829 0.0041631 0.0073455 0.0111592 0.0086313 0.0037166 0.0086391 0.0042392 0.0097487 0.0099465 0.0036497 0.0111916 0.0087024 0.0097747 0.0031136 0.0079953 0.0085652 0.0042225 0.0099033 0.0084814 0.0083805 0.0050076 0.0099750 0.0086387 0.0099974 0.0099131 0.0099874 0.0083709 0.0102046 0.0036463 0.0061093 0.0048223 0.0032040 0.0052343 0.0082319 0.0064574 0.0054407 0.0097487 0.0082252 0.0084334 0.0083565 0.0085803 0.0095388 0.0109116 0.0084814 0.0096494 0.0111592 0.0084814 0.0112541 0.0084814 0.0086313 0.0111487 0.0058394 0.0076472 0.0082714 0.0119851 0.0030447 0.0082782 0.0082044 0.0082504 0.0113157 0.0148832 0.0081885 0.0099403 0.0061215 0.0040469 0.0081818 0.0081818 0.0082044 0.0081909 0.0044715 0.0044949 0.0056046 0.0222169 0.0136191 0.0116175 0.0173083 0.0102851 0.0090694 0.0064051 0.0138553 0.0175396 0.0098867 0.0032541 0.0108513 0.0066417 0.0090333 0.0087024 0.0111405 0.0070484 
KU174449_Eimeria_apionodes                      0.0248161 0.0332730 0.0368984 0.0007472 0.0169170 0.0000021 0.0000010 0.0036548 0.0043743 0.0055508 0.0036811 0.0000010 0.0037626 0.0041244 0.0000000 0.0000010 0.0035158 0.0021929 0.0000026 0.0000010 0.0059630 0.0063421 0.0013372 0.0000010 0.0021967 0.0029172 0.0021900 0.0021841 0.0009114 0.0100299 0.0142787 0.0043972 0.0206756 0.0183259 0.0261747 0.0190210 0.0167040 0.0167049 0.0007310 0.0059279 0.0044105 0.0143561 0.0143561 0.0081564 0.0066855 0.0135572 0.0129194 0.0198533 0.0000010 0.0000010 0.0031613 0.0000010 0.0010753 0.0012818 0.0000010 0.0000010 0.0000026 0.0000010 0.0000010 0.0000010 0.0000010 0.0000010 0.0000010 0.0000010 0.0000010 0.0000010 0.0119597 0.0028783 0.0167397 0.0191082 0.0264772 0.0199079 0.0182904 0.0290529 0.0405593 0.0191156 0.0239562 0.0239808 0.0182823 0.0182749 0.0027063 0.0023528 0.0021929 0.0029914 0.0000010 0.0021894 0.0163759 0.0022375 0.0007252 0.0109292 0.0028391 0.0086949 0.0106550 0.0116284 0.0116284 0.0078176 0.0116590 0.0009599 0.0116319 0.0116863 0.0000024 0.0099476 0.0117155 0.0035302 0.0000024 0.0000021 0.0018940 0.0106355 0.0111304 0.0065985 0.0091671 0.0030245 0.0115465 0.0141090 0.0028538 0.0126453 0.0110821 0.0117338 0.0022145 0.0087994 0.0107891 0.0000010 0.0116195 0.0110452 0.0104884 0.0000025 0.0121473 0.0107083 0.0124785 0.0116408 0.0117581 0.0113943 0.0114463 0.0028361 0.0010401 0.0000010 0.0023419 0.0007365 0.0104650 0.0022457 0.0007670 0.0115465 0.0125771 0.0106689 0.0106053 0.0108026 0.0101648 0.0110411 0.0106134 0.0100066 0.0106355 0.0108098 0.0111479 0.0108098 0.0107465 0.0130664 0.0009114 0.0104850 0.0112459 0.0137570 0.0022900 0.0105055 0.0104587 0.0104650 0.0114174 0.0128729 0.0104650 0.0118894 0.0014576 0.0000010 0.0103973 0.0103973 0.0104099 0.0023717 0.0000010 0.0000021 0.0007678 0.0174792 0.0148466 0.0111748 0.0207882 0.0110475 0.0110125 0.0104523 0.0143386 0.0163123 0.0116655 0.0031762 0.0133686 0.0105336 0.0114925 0.0112344 0.0113944 0.0110084 
KU174450_Eimeria_apionodes                      0.0243640 0.0323941 0.0362356 0.0007351 0.0166795 0.0000020 0.0000010 0.0036548 0.0042748 0.0054179 0.0036243 0.0000010 0.0037033 0.0040359 0.0000010 0.0000000 0.0035158 0.0021605 0.0000026 0.0000010 0.0058699 0.0062237 0.0013372 0.0000010 0.0021618 0.0028710 0.0021540 0.0021483 0.0009114 0.0100299 0.0140366 0.0043246 0.0206624 0.0172585 0.0257090 0.0186958 0.0164288 0.0164297 0.0007193 0.0058674 0.0043400 0.0141284 0.0141197 0.0080314 0.0065776 0.0133277 0.0126986 0.0195126 0.0000010 0.0000010 0.0030887 0.0000010 0.0010534 0.0012818 0.0000010 0.0000010 0.0000025 0.0000010 0.0000010 0.0000010 0.0000010 0.0000010 0.0000010 0.0000010 0.0000010 0.0000010 0.0110222 0.0028761 0.0164524 0.0187801 0.0260145 0.0195655 0.0179771 0.0285412 0.0407416 0.0187872 0.0235406 0.0235644 0.0179693 0.0187284 0.0027063 0.0023528 0.0021593 0.0029428 0.0000010 0.0021559 0.0163759 0.0022361 0.0007134 0.0101469 0.0028391 0.0076065 0.0096847 0.0106576 0.0106576 0.0068392 0.0106856 0.0009599 0.0106607 0.0107106 0.0000024 0.0091810 0.0107374 0.0035302 0.0000024 0.0000021 0.0018940 0.0096670 0.0103338 0.0056549 0.0084019 0.0030245 0.0107750 0.0132251 0.0028538 0.0116706 0.0101559 0.0109498 0.0022145 0.0076978 0.0100169 0.0000010 0.0106494 0.0102547 0.0097378 0.0000025 0.0113358 0.0099419 0.0114366 0.0106690 0.0107765 0.0106331 0.0105641 0.0028361 0.0010401 0.0000010 0.0023419 0.0007365 0.0096062 0.0022444 0.0007670 0.0107750 0.0113353 0.0099053 0.0098401 0.0100294 0.0093815 0.0102508 0.0098538 0.0092354 0.0096670 0.0100361 0.0102886 0.0100361 0.0099774 0.0121933 0.0009114 0.0094347 0.0096297 0.0123781 0.0022580 0.0096722 0.0095831 0.0096217 0.0103775 0.0144113 0.0095639 0.0109649 0.0014374 0.0000010 0.0094975 0.0094975 0.0095277 0.0023702 0.0000010 0.0000021 0.0007673 0.0155313 0.0136060 0.0103684 0.0192739 0.0101961 0.0102178 0.0092889 0.0135313 0.0148067 0.0106916 0.0031762 0.0122519 0.0095743 0.0106690 0.0104303 0.0105161 0.0100058 
KU174465_Eimeria_apionodes                      0.0330257 0.0575279 0.0473967 0.0035158 0.0248297 0.0035211 0.0035158 0.0067072 0.0063357 0.0086990 0.0047332 0.0047202 0.0047332 0.0056719 0.0035158 0.0035158 0.0000000 0.0000010 0.0023490 0.0035158 0.0059533 0.0105989 0.0029774 0.0035158 0.0047093 0.0023447 0.0047063 0.0047005 0.0052439 0.0108251 0.0195376 0.0047063 0.0261710 0.0225266 0.0428103 0.0261954 0.0247802 0.0273549 0.0035158 0.0071548 0.0023447 0.0234370 0.0234370 0.0095574 0.0071637 0.0183707 0.0198946 0.0261519 0.0035202 0.0035158 0.0119497 0.0035158 0.0082813 0.0056271 0.0035158 0.0035158 0.0035382 0.0035158 0.0041877 0.0035158 0.0027420 0.0035158 0.0035191 0.0035158 0.0035158 0.0000010 0.0120971 0.0000010 0.0263056 0.0276103 0.0346204 0.0263141 0.0236512 0.0431920 0.0571316 0.0276280 0.0275655 0.0318347 0.0223482 0.0249006 0.0025993 0.0023447 0.0000010 0.0023447 0.0045100 0.0000010 0.0184720 0.0000010 0.0046961 0.0108251 0.0000010 0.0116821 0.0107379 0.0093656 0.0093656 0.0108006 0.0121442 0.0053709 0.0093794 0.0121705 0.0039376 0.0096144 0.0094522 0.0000010 0.0039319 0.0035211 0.0065897 0.0107220 0.0108251 0.0063903 0.0120623 0.0000010 0.0108251 0.0133568 0.0000010 0.0093794 0.0102026 0.0108359 0.0000010 0.0118325 0.0108251 0.0035158 0.0093656 0.0108251 0.0108251 0.0042283 0.0108251 0.0108251 0.0102354 0.0093794 0.0094342 0.0108251 0.0090175 0.0000010 0.0045105 0.0070119 0.0000010 0.0046961 0.0108251 0.0071100 0.0046961 0.0108251 0.0134579 0.0108251 0.0108251 0.0108251 0.0120468 0.0120468 0.0108251 0.0120468 0.0107220 0.0108251 0.0120468 0.0108251 0.0108251 0.0103435 0.0052439 0.0118172 0.0108752 0.0138471 0.0000025 0.0108251 0.0108251 0.0108251 0.0117142 0.0108538 0.0108251 0.0108251 0.0059178 0.0035215 0.0108251 0.0108251 0.0108251 0.0046961 0.0035158 0.0035211 0.0046961 0.0175164 0.0192959 0.0120468 0.0167206 0.0121945 0.0108251 0.0116090 0.0108251 0.0151051 0.0094342 0.0011713 0.0153428 0.0110563 0.0108251 0.0108251 0.0120468 0.0110785 
KU174467_Eimeria_apionodes                      0.0234971 0.0311996 0.0356990 0.0029531 0.0159125 0.0021623 0.0021635 0.0061130 0.0032026 0.0043344 0.0028978 0.0037663 0.0029609 0.0030238 0.0021929 0.0021605 0.0000010 0.0000000 0.0014420 0.0021635 0.0051333 0.0071314 0.0013386 0.0021605 0.0043412 0.0021630 0.0036174 0.0043418 0.0036623 0.0092530 0.0149043 0.0036267 0.0207403 0.0166172 0.0283636 0.0196143 0.0156832 0.0172140 0.0028895 0.0051311 0.0036168 0.0148961 0.0148961 0.0073016 0.0058470 0.0126175 0.0127974 0.0188087 0.0021854 0.0022589 0.0062166 0.0021605 0.0042359 0.0051622 0.0021635 0.0021593 0.0021690 0.0022311 0.0025482 0.0022379 0.0012219 0.0022581 0.0022495 0.0021623 0.0021707 0.0000010 0.0103542 0.0000010 0.0173522 0.0197034 0.0254222 0.0189390 0.0188908 0.0295780 0.0419297 0.0197110 0.0245165 0.0245415 0.0173352 0.0196488 0.0018030 0.0015676 0.0000010 0.0022072 0.0039597 0.0000010 0.0184720 0.0000010 0.0028835 0.0093610 0.0000010 0.0087129 0.0106746 0.0096819 0.0096819 0.0078320 0.0116805 0.0038578 0.0096848 0.0117079 0.0028463 0.0084109 0.0097544 0.0008797 0.0028434 0.0022379 0.0047579 0.0106550 0.0095333 0.0047091 0.0091804 0.0007540 0.0099997 0.0123357 0.0000010 0.0106906 0.0092265 0.0101618 0.0000010 0.0088178 0.0092411 0.0022309 0.0096745 0.0094604 0.0089837 0.0030534 0.0105198 0.0091720 0.0103892 0.0096923 0.0097900 0.0098680 0.0096775 0.0000010 0.0041820 0.0035950 0.0000010 0.0029571 0.0088519 0.0045353 0.0030800 0.0099997 0.0102967 0.0091382 0.0090781 0.0092526 0.0101800 0.0110576 0.0090906 0.0100212 0.0106550 0.0092587 0.0111660 0.0092587 0.0092046 0.0113153 0.0036623 0.0083802 0.0096818 0.0137930 0.0000021 0.0089179 0.0088358 0.0088661 0.0114399 0.0136453 0.0088183 0.0101248 0.0036295 0.0021669 0.0088183 0.0088183 0.0088306 0.0047923 0.0023220 0.0023305 0.0031019 0.0175164 0.0148816 0.0112629 0.0179824 0.0110654 0.0094912 0.0081207 0.0128167 0.0134685 0.0097128 0.0007917 0.0133970 0.0086108 0.0098425 0.0096222 0.0114133 0.0089986 
KU174474_Eimeria_apionodes                      0.0235460 0.0312904 0.0357670 0.0007372 0.0159420 0.0000020 0.0000026 0.0000021 0.0032118 0.0043460 0.0029028 0.0000024 0.0029662 0.0030320 0.0000026 0.0000026 0.0023490 0.0014420 0.0000000 0.0000026 0.0051425 0.0062449 0.0013397 0.0000026 0.0021675 0.0021669 0.0014447 0.0021677 0.0009139 0.0092704 0.0134098 0.0036332 0.0199899 0.0166488 0.0259629 0.0181005 0.0157118 0.0157126 0.0007213 0.0051403 0.0036233 0.0134025 0.0134025 0.0073149 0.0058576 0.0111303 0.0120529 0.0172991 0.0000026 0.0000026 0.0031006 0.0000026 0.0010567 0.0012865 0.0000026 0.0000026 0.0000026 0.0000026 0.0000028 0.0000026 0.0000021 0.0000026 0.0000026 0.0000026 0.0000026 0.0000022 0.0103734 0.0019367 0.0158389 0.0181828 0.0254696 0.0189739 0.0173747 0.0280143 0.0403078 0.0181898 0.0229782 0.0230016 0.0173671 0.0181323 0.0018068 0.0015707 0.0014420 0.0022112 0.0000024 0.0014420 0.0143788 0.0014923 0.0007198 0.0093794 0.0018957 0.0065312 0.0087307 0.0097052 0.0097052 0.0058724 0.0097306 0.0009626 0.0097080 0.0097535 0.0000024 0.0084269 0.0097780 0.0026516 0.0000024 0.0000021 0.0018993 0.0087140 0.0095519 0.0047201 0.0076479 0.0022713 0.0100192 0.0123627 0.0019055 0.0107163 0.0092480 0.0101819 0.0014782 0.0066107 0.0092590 0.0000026 0.0096976 0.0094794 0.0089997 0.0000025 0.0105406 0.0091897 0.0104159 0.0097156 0.0098132 0.0098869 0.0096979 0.0018937 0.0010433 0.0000024 0.0015633 0.0007382 0.0088780 0.0022642 0.0007688 0.0100192 0.0103227 0.0091558 0.0090948 0.0092708 0.0086112 0.0094756 0.0091077 0.0084772 0.0087140 0.0092763 0.0094452 0.0092763 0.0092225 0.0113401 0.0009139 0.0084017 0.0089345 0.0110287 0.0015069 0.0089396 0.0088572 0.0088926 0.0093560 0.0136710 0.0088448 0.0101478 0.0014496 0.0000026 0.0088396 0.0088396 0.0088572 0.0023923 0.0000027 0.0000021 0.0007742 0.0135848 0.0123951 0.0096510 0.0180187 0.0093602 0.0095099 0.0081439 0.0128417 0.0134957 0.0097361 0.0023853 0.0111593 0.0086312 0.0098628 0.0096412 0.0096545 0.0090201 
KU174451_Eimeria_apionodes                      0.0244222 0.0325012 0.0364654 0.0007366 0.0166795 0.0000020 0.0000010 0.0036548 0.0042835 0.0054339 0.0036293 0.0000010 0.0037085 0.0040436 0.0000010 0.0000010 0.0035158 0.0021635 0.0000026 0.0000000 0.0058781 0.0062389 0.0013372 0.0000010 0.0021659 0.0028822 0.0014400 0.0021605 0.0009114 0.0100299 0.0141191 0.0043493 0.0206756 0.0173618 0.0258696 0.0188074 0.0164624 0.0164632 0.0007207 0.0058674 0.0043486 0.0141485 0.0141485 0.0080474 0.0065907 0.0118426 0.0127741 0.0180062 0.0000010 0.0000010 0.0030975 0.0000010 0.0010534 0.0012818 0.0000010 0.0000010 0.0000026 0.0000010 0.0000010 0.0000010 0.0000010 0.0000010 0.0000010 0.0000010 0.0000010 0.0000010 0.0110865 0.0028904 0.0165515 0.0188927 0.0261740 0.0196831 0.0180846 0.0287179 0.0410039 0.0189000 0.0236837 0.0237078 0.0180767 0.0188404 0.0027063 0.0023528 0.0021635 0.0029487 0.0000010 0.0021601 0.0163759 0.0022361 0.0007174 0.0101469 0.0028391 0.0076065 0.0096847 0.0106576 0.0106576 0.0068392 0.0106856 0.0009599 0.0106607 0.0107106 0.0000024 0.0091810 0.0107374 0.0035302 0.0000024 0.0000021 0.0018940 0.0096670 0.0103338 0.0056549 0.0084019 0.0030245 0.0107750 0.0132251 0.0028538 0.0116706 0.0101559 0.0109498 0.0022145 0.0076978 0.0100169 0.0000010 0.0106494 0.0102547 0.0097378 0.0000025 0.0113358 0.0099419 0.0114366 0.0106690 0.0107765 0.0106331 0.0105641 0.0028361 0.0010401 0.0000010 0.0023419 0.0007365 0.0096062 0.0022531 0.0007670 0.0107750 0.0113353 0.0099053 0.0098401 0.0100294 0.0093815 0.0102508 0.0098538 0.0092354 0.0096670 0.0100361 0.0102886 0.0100361 0.0099774 0.0121933 0.0009114 0.0094347 0.0096415 0.0123781 0.0022580 0.0096722 0.0095831 0.0096217 0.0103775 0.0144113 0.0095831 0.0110170 0.0014427 0.0000010 0.0095526 0.0095526 0.0095582 0.0023799 0.0000010 0.0000021 0.0007703 0.0155313 0.0136060 0.0104113 0.0194240 0.0101961 0.0102595 0.0092889 0.0135872 0.0149215 0.0106916 0.0031762 0.0122519 0.0095743 0.0106690 0.0104303 0.0105161 0.0100058 
