108
MH751925.1_Eimeria_ferrisi              0.0000000 0.0010611 0.0009424 0.0000010 0.0000010 0.0009565 0.0018869 0.0000010 0.0018901 0.0000023 0.0000010 0.0009401 0.0000010 0.0018605 0.0015192 0.0007590 0.0017014 0.0009417 0.0000010 0.0007618 0.0010736 0.0000010 0.0000010 0.0000010 0.0000010 0.0007847 0.0000010 0.0000010 0.0000010 0.0000010 0.0000010 0.0008549 0.0000010 0.0007590 0.0000010 0.0000010 0.0000010 0.0000010 0.0007762 0.0015342 0.0000010 0.0007586 0.0009401 0.0000010 0.0008332 0.0000010 0.0000010 0.0025281 0.0010203 0.0007626 0.0039754 0.0000010 0.0000010 0.0000010 0.0010077 0.0000010 0.0000010 0.0018163 0.0000010 0.0000010 0.0000010 0.0037018 0.0035810 0.0015843 0.0044228 0.0008254 0.0000010 0.0000010 0.0031380 0.0000010 0.0000010 0.0021511 0.0000010 0.0000010 0.0000010 0.0008505 0.0000010 0.0116347 0.0104974 0.0104861 0.0099822 0.0124236 0.0099733 0.0081741 0.0126125 0.0145099 0.0107451 0.0123120 0.0108475 0.0110386 0.0115520 0.0099841 0.0129966 0.0102738 0.0103134 0.0110793 0.0095186 0.0097374 0.0099761 0.0095677 0.0092007 0.0095083 0.0094365 0.0094823 0.0103619 0.0265160 0.0374646 0.0303810 
MH751927.1_Eimeria_ferrisi              0.0010611 0.0000000 0.0000010 0.0010611 0.0010611 0.0000010 0.0010615 0.0010611 0.0010619 0.0010650 0.0010646 0.0000010 0.0010611 0.0031974 0.0000020 0.0010611 0.0010611 0.0010611 0.0010611 0.0010620 0.0000010 0.0010611 0.0010611 0.0010611 0.0010611 0.0010611 0.0010611 0.0010637 0.0010611 0.0010611 0.0010611 0.0010611 0.0010611 0.0010611 0.0012863 0.0010611 0.0010611 0.0010611 0.0000010 0.0000010 0.0010611 0.0000010 0.0000010 0.0010611 0.0000010 0.0010611 0.0010611 0.0010611 0.0021559 0.0021391 0.0026475 0.0010636 0.0010611 0.0010611 0.0000010 0.0010637 0.0010611 0.0033472 0.0010611 0.0010611 0.0010611 0.0000010 0.0027562 0.0000010 0.0020948 0.0000010 0.0010611 0.0011630 0.0010611 0.0021119 0.0010611 0.0011792 0.0010637 0.0010611 0.0010611 0.0000010 0.0011146 0.0085837 0.0075066 0.0075066 0.0075066 0.0096588 0.0074974 0.0075157 0.0089348 0.0121346 0.0085733 0.0096685 0.0085733 0.0085733 0.0096912 0.0075087 0.0096567 0.0074974 0.0075066 0.0085733 0.0085733 0.0085878 0.0085733 0.0085983 0.0085733 0.0085733 0.0085733 0.0086178 0.0096603 0.0286108 0.0378450 0.0336234 
MH751928.1_Eimeria_ferrisi              0.0009424 0.0000010 0.0000000 0.0009424 0.0009424 0.0000010 0.0009434 0.0009424 0.0009444 0.0009454 0.0009482 0.0000010 0.0009424 0.0028734 0.0009430 0.0009424 0.0009449 0.0009424 0.0009989 0.0009431 0.0000010 0.0009424 0.0009424 0.0009424 0.0009424 0.0009424 0.0009424 0.0010081 0.0009424 0.0009519 0.0009424 0.0009424 0.0009424 0.0009424 0.0011959 0.0009424 0.0009424 0.0009424 0.0000010 0.0000010 0.0009424 0.0000010 0.0000010 0.0009424 0.0000010 0.0009424 0.0009424 0.0009424 0.0020418 0.0018981 0.0026475 0.0009443 0.0009424 0.0009424 0.0000010 0.0009444 0.0009424 0.0031364 0.0009424 0.0009424 0.0009424 0.0019284 0.0025498 0.0000010 0.0018612 0.0000010 0.0009424 0.0011293 0.0028350 0.0018745 0.0009461 0.0011028 0.0009998 0.0009424 0.0009424 0.0000010 0.0010453 0.0106563 0.0095359 0.0095359 0.0095359 0.0114593 0.0095255 0.0071465 0.0115612 0.0153776 0.0104832 0.0114610 0.0104832 0.0104832 0.0114850 0.0095382 0.0114486 0.0095255 0.0095359 0.0104832 0.0104832 0.0105183 0.0104832 0.0105297 0.0104832 0.0104832 0.0104832 0.0105316 0.0114524 0.0294424 0.0384880 0.0351917 
MH751929.1_Eimeria_ferrisi              0.0000010 0.0010611 0.0009424 0.0000000 0.0000010 0.0009565 0.0018880 0.0000010 0.0018901 0.0000028 0.0000010 0.0009414 0.0000010 0.0019125 0.0018857 0.0000010 0.0000010 0.0000010 0.0000010 0.0000010 0.0010736 0.0000010 0.0000010 0.0000010 0.0000010 0.0000010 0.0000010 0.0000010 0.0000010 0.0000010 0.0000010 0.0000010 0.0000010 0.0000010 0.0000010 0.0000010 0.0000010 0.0000010 0.0009414 0.0009414 0.0000010 0.0009414 0.0009414 0.0000010 0.0009468 0.0000010 0.0000010 0.0000010 0.0010203 0.0009475 0.0039754 0.0000010 0.0000010 0.0000010 0.0010077 0.0000010 0.0000010 0.0020877 0.0000010 0.0000010 0.0000010 0.0038544 0.0038294 0.0009414 0.0000010 0.0009414 0.0000010 0.0000010 0.0018867 0.0000010 0.0000010 0.0022075 0.0000010 0.0000010 0.0000010 0.0009414 0.0000010 0.0116347 0.0104974 0.0104861 0.0104861 0.0124236 0.0104745 0.0081741 0.0126228 0.0167943 0.0114323 0.0124116 0.0114323 0.0114323 0.0124381 0.0104885 0.0123992 0.0104745 0.0104861 0.0114323 0.0095255 0.0095470 0.0095152 0.0095677 0.0095152 0.0095152 0.0095152 0.0095590 0.0104816 0.0284464 0.0374403 0.0337589 
MH751930.1_Eimeria_ferrisi              0.0000010 0.0010611 0.0009424 0.0000010 0.0000000 0.0009565 0.0018880 0.0000010 0.0018901 0.0000028 0.0000010 0.0009414 0.0000010 0.0019125 0.0018857 0.0000010 0.0000010 0.0000010 0.0000010 0.0000010 0.0010736 0.0000010 0.0000010 0.0000010 0.0000010 0.0000010 0.0000010 0.0000010 0.0000010 0.0000010 0.0000010 0.0000010 0.0000010 0.0000010 0.0000010 0.0000010 0.0000010 0.0000010 0.0009414 0.0009414 0.0000010 0.0009414 0.0009414 0.0000010 0.0009468 0.0000010 0.0000010 0.0000010 0.0010203 0.0009475 0.0039754 0.0000010 0.0000010 0.0000010 0.0010077 0.0000010 0.0000010 0.0020877 0.0000010 0.0000010 0.0000010 0.0038544 0.0038294 0.0009414 0.0000010 0.0009414 0.0000010 0.0000010 0.0018867 0.0000010 0.0000010 0.0022075 0.0000010 0.0000010 0.0000010 0.0009414 0.0000010 0.0116347 0.0104974 0.0104861 0.0104861 0.0124236 0.0104745 0.0081741 0.0126228 0.0167943 0.0114323 0.0124116 0.0114323 0.0114323 0.0124381 0.0104885 0.0123992 0.0104745 0.0104861 0.0114323 0.0095255 0.0095470 0.0095152 0.0095677 0.0095152 0.0095152 0.0095152 0.0095590 0.0104816 0.0284464 0.0374403 0.0337589 
MH751932.1_Eimeria_ferrisi              0.0009565 0.0000010 0.0000010 0.0009565 0.0009565 0.0000000 0.0009568 0.0009565 0.0009579 0.0009598 0.0009619 0.0000010 0.0009565 0.0028854 0.0000029 0.0009565 0.0009565 0.0009565 0.0010106 0.0009572 0.0000010 0.0009565 0.0009565 0.0009565 0.0009565 0.0009565 0.0009565 0.0010129 0.0009565 0.0009565 0.0009565 0.0009565 0.0009565 0.0009565 0.0012127 0.0009565 0.0009565 0.0009565 0.0000010 0.0000010 0.0009565 0.0000010 0.0000010 0.0009565 0.0000010 0.0009565 0.0009565 0.0009565 0.0020418 0.0019270 0.0026475 0.0009585 0.0009565 0.0009565 0.0000010 0.0009586 0.0009565 0.0031509 0.0009565 0.0009565 0.0009565 0.0000010 0.0025878 0.0000010 0.0018763 0.0000010 0.0009565 0.0011293 0.0028782 0.0018898 0.0009565 0.0011171 0.0010039 0.0009565 0.0009565 0.0000010 0.0010501 0.0078183 0.0067607 0.0067607 0.0067607 0.0086983 0.0067529 0.0071465 0.0084878 0.0113244 0.0077222 0.0087067 0.0077222 0.0077222 0.0087246 0.0067620 0.0086971 0.0067529 0.0067607 0.0077222 0.0077222 0.0077474 0.0077222 0.0077560 0.0077222 0.0077222 0.0077222 0.0077580 0.0087000 0.0257285 0.0359976 0.0313603 
MH751933.1_Eimeria_ferrisi              0.0018869 0.0010615 0.0009434 0.0018880 0.0018880 0.0009568 0.0000000 0.0018869 0.0018907 0.0018924 0.0018985 0.0009423 0.0018869 0.0038383 0.0018884 0.0018869 0.0018931 0.0028332 0.0019986 0.0018883 0.0010740 0.0018869 0.0018869 0.0018869 0.0018869 0.0018869 0.0018869 0.0020189 0.0018880 0.0019059 0.0018869 0.0018869 0.0018869 0.0018869 0.0023932 0.0018869 0.0018869 0.0018869 0.0009423 0.0009423 0.0018869 0.0009423 0.0009423 0.0018869 0.0009489 0.0018869 0.0018869 0.0018869 0.0030665 0.0028502 0.0039774 0.0018907 0.0018869 0.0018869 0.0010081 0.0018909 0.0018869 0.0041912 0.0018869 0.0018869 0.0018869 0.0019313 0.0038270 0.0009423 0.0018639 0.0009423 0.0018869 0.0022619 0.0037843 0.0018772 0.0018932 0.0022067 0.0020032 0.0018869 0.0018869 0.0009423 0.0020949 0.0116390 0.0105089 0.0105089 0.0105012 0.0124282 0.0104898 0.0081773 0.0126166 0.0167854 0.0114491 0.0124302 0.0114491 0.0114491 0.0124562 0.0105038 0.0124167 0.0104898 0.0105012 0.0114491 0.0114491 0.0114875 0.0114491 0.0115082 0.0114491 0.0114491 0.0114491 0.0115020 0.0124208 0.0304361 0.0395213 0.0366214 
MH751935.1_Eimeria_ferrisi              0.0000010 0.0010611 0.0009424 0.0000010 0.0000010 0.0009565 0.0018869 0.0000000 0.0018901 0.0000028 0.0000010 0.0009412 0.0000010 0.0019146 0.0018864 0.0000010 0.0000010 0.0009417 0.0000010 0.0000010 0.0010736 0.0000010 0.0000010 0.0000010 0.0000010 0.0000010 0.0000010 0.0000010 0.0000010 0.0000010 0.0000010 0.0000010 0.0000010 0.0000010 0.0000010 0.0000010 0.0000010 0.0000010 0.0009412 0.0009412 0.0000010 0.0009412 0.0009412 0.0000010 0.0009478 0.0000010 0.0000010 0.0000010 0.0010203 0.0009470 0.0039754 0.0000010 0.0000010 0.0000010 0.0010077 0.0000010 0.0000010 0.0020902 0.0000010 0.0000010 0.0000010 0.0038628 0.0038252 0.0009412 0.0000010 0.0009412 0.0000010 0.0000010 0.0018877 0.0000010 0.0000010 0.0022058 0.0000010 0.0000010 0.0000010 0.0009412 0.0000010 0.0116347 0.0104974 0.0104974 0.0104897 0.0124236 0.0104783 0.0081741 0.0126125 0.0167763 0.0114366 0.0124165 0.0114366 0.0114366 0.0124424 0.0104923 0.0124031 0.0104783 0.0104897 0.0114366 0.0095186 0.0095504 0.0095186 0.0095677 0.0095186 0.0095186 0.0095186 0.0095623 0.0104854 0.0284248 0.0374532 0.0337221 
MH751936.1_Eimeria_ferrisi              0.0018901 0.0010619 0.0009444 0.0018901 0.0018901 0.0009579 0.0018907 0.0018901 0.0000000 0.0018962 0.0018991 0.0009444 0.0018901 0.0038424 0.0018918 0.0018901 0.0018952 0.0018901 0.0020004 0.0018915 0.0010744 0.0018901 0.0018901 0.0018901 0.0018901 0.0018901 0.0018901 0.0020196 0.0018901 0.0019070 0.0018901 0.0018901 0.0018901 0.0018901 0.0023957 0.0018901 0.0018901 0.0018901 0.0009444 0.0009444 0.0018901 0.0009444 0.0009444 0.0018901 0.0009499 0.0018901 0.0018901 0.0018901 0.0030676 0.0028552 0.0039791 0.0018940 0.0018901 0.0018901 0.0010084 0.0018942 0.0018901 0.0041961 0.0018901 0.0018901 0.0018901 0.0038797 0.0038329 0.0009444 0.0037436 0.0009444 0.0018901 0.0022628 0.0037910 0.0037706 0.0018967 0.0022092 0.0020055 0.0018901 0.0018901 0.0009444 0.0020964 0.0116427 0.0105202 0.0105202 0.0105202 0.0124414 0.0105086 0.0081800 0.0126322 0.0153776 0.0114695 0.0124522 0.0114695 0.0114695 0.0124787 0.0105226 0.0124386 0.0105086 0.0105202 0.0114695 0.0114695 0.0114993 0.0114695 0.0115119 0.0114695 0.0114695 0.0114695 0.0115228 0.0124428 0.0304924 0.0395949 0.0351917 
MH751938.1_Eimeria_ferrisi              0.0000023 0.0010650 0.0009454 0.0000028 0.0000028 0.0009598 0.0018924 0.0000028 0.0018962 0.0000000 0.0000028 0.0009437 0.0000024 0.0009320 0.0014932 0.0007490 0.0017063 0.0009453 0.0000026 0.0007604 0.0010776 0.0000023 0.0000028 0.0000024 0.0000023 0.0007864 0.0000023 0.0000029 0.0000028 0.0000028 0.0007556 0.0008574 0.0000023 0.0007490 0.0000028 0.0000023 0.0000023 0.0000023 0.0007739 0.0015356 0.0000023 0.0007557 0.0009437 0.0000023 0.0008346 0.0000023 0.0000023 0.0025353 0.0010228 0.0007499 0.0039935 0.0000023 0.0000023 0.0000023 0.0010113 0.0000023 0.0000023 0.0017917 0.0000023 0.0000023 0.0000023 0.0037260 0.0035957 0.0015655 0.0043263 0.0008277 0.0000023 0.0000020 0.0031012 0.0000021 0.0000028 0.0021590 0.0000027 0.0000024 0.0000024 0.0008525 0.0000027 0.0106848 0.0095605 0.0095501 0.0091670 0.0114888 0.0090445 0.0071664 0.0115838 0.0132963 0.0098021 0.0113785 0.0100725 0.0101363 0.0105916 0.0090540 0.0120221 0.0093609 0.0093960 0.0101542 0.0085819 0.0088670 0.0091617 0.0086261 0.0083124 0.0085726 0.0086484 0.0086594 0.0095796 0.0273472 0.0367799 0.0290169 
MH751939.1_Eimeria_ferrisi              0.0000010 0.0010646 0.0009482 0.0000010 0.0000010 0.0009619 0.0018985 0.0000010 0.0018991 0.0000028 0.0000000 0.0009482 0.0000010 0.0019259 0.0018995 0.0000010 0.0000010 0.0000010 0.0000010 0.0000010 0.0010758 0.0000010 0.0000010 0.0000010 0.0000010 0.0000010 0.0000010 0.0000010 0.0000010 0.0000010 0.0000010 0.0000010 0.0000010 0.0000010 0.0000010 0.0000010 0.0000010 0.0000010 0.0009482 0.0009482 0.0000010 0.0009482 0.0009482 0.0000010 0.0009538 0.0000010 0.0000010 0.0000010 0.0010244 0.0009545 0.0039754 0.0000010 0.0000010 0.0000010 0.0010117 0.0000010 0.0000010 0.0021025 0.0000010 0.0000010 0.0000010 0.0039062 0.0038333 0.0009482 0.0000010 0.0009482 0.0000010 0.0000010 0.0019008 0.0000010 0.0000010 0.0022094 0.0000010 0.0000010 0.0000010 0.0009482 0.0000010 0.0116901 0.0105633 0.0105633 0.0105633 0.0124925 0.0105516 0.0082159 0.0126589 0.0168129 0.0115166 0.0125035 0.0115166 0.0115166 0.0125300 0.0105658 0.0124898 0.0105516 0.0105633 0.0115166 0.0095852 0.0095924 0.0095852 0.0096102 0.0095852 0.0095852 0.0095852 0.0096295 0.0105588 0.0286081 0.0377251 0.0337967 
MH751944.1_Eimeria_ferrisi              0.0009401 0.0000010 0.0000010 0.0009414 0.0009414 0.0000010 0.0009423 0.0009412 0.0009444 0.0009437 0.0009482 0.0000000 0.0009401 0.0028703 0.0009415 0.0009401 0.0009439 0.0018854 0.0009982 0.0009408 0.0000010 0.0009401 0.0009401 0.0009401 0.0009401 0.0009401 0.0009401 0.0010081 0.0009424 0.0009519 0.0009401 0.0009401 0.0009401 0.0009401 0.0011950 0.0009401 0.0009401 0.0009401 0.0000010 0.0000010 0.0009401 0.0000010 0.0000010 0.0009401 0.0000010 0.0009401 0.0009401 0.0009401 0.0020418 0.0018947 0.0026475 0.0009422 0.0009401 0.0009401 0.0000010 0.0009423 0.0009401 0.0031333 0.0009401 0.0009401 0.0009401 0.0019242 0.0025477 0.0000010 0.0018572 0.0000010 0.0009401 0.0011293 0.0028298 0.0018705 0.0009456 0.0011020 0.0009987 0.0009401 0.0009401 0.0000010 0.0010441 0.0106563 0.0095359 0.0095256 0.0095186 0.0114593 0.0095083 0.0071465 0.0115511 0.0153611 0.0104644 0.0114405 0.0104644 0.0104644 0.0114642 0.0095210 0.0114281 0.0095083 0.0095186 0.0104644 0.0104757 0.0104993 0.0104644 0.0105297 0.0104644 0.0104644 0.0104644 0.0105125 0.0114319 0.0294201 0.0384159 0.0351536 
MH751945.1_Eimeria_ferrisi              0.0000010 0.0010611 0.0009424 0.0000010 0.0000010 0.0009565 0.0018869 0.0000010 0.0018901 0.0000024 0.0000010 0.0009401 0.0000000 0.0018605 0.0015466 0.0007730 0.0017106 0.0009417 0.0000010 0.0007735 0.0010736 0.0000010 0.0000010 0.0000010 0.0000010 0.0007857 0.0000010 0.0000010 0.0000010 0.0000010 0.0000010 0.0008549 0.0000010 0.0007730 0.0000010 0.0000010 0.0000010 0.0000010 0.0007726 0.0015530 0.0000010 0.0007726 0.0009401 0.0000010 0.0008560 0.0000010 0.0000010 0.0025281 0.0010203 0.0007767 0.0039754 0.0000010 0.0000010 0.0000010 0.0010077 0.0000010 0.0000010 0.0018688 0.0000010 0.0000010 0.0000010 0.0037018 0.0035810 0.0016238 0.0015412 0.0008254 0.0000010 0.0000010 0.0032171 0.0000010 0.0000010 0.0021511 0.0000010 0.0000010 0.0000010 0.0008505 0.0000010 0.0116347 0.0104974 0.0104861 0.0101659 0.0124236 0.0101574 0.0081741 0.0126125 0.0144721 0.0109425 0.0125926 0.0111149 0.0110386 0.0117650 0.0101685 0.0133332 0.0105328 0.0105737 0.0113583 0.0095186 0.0097374 0.0101603 0.0095677 0.0093696 0.0095083 0.0094205 0.0094268 0.0103619 0.0272473 0.0363010 0.0313551 
MH751946.1_Eimeria_ferrisi              0.0018605 0.0031974 0.0028734 0.0019125 0.0019125 0.0028854 0.0038383 0.0019146 0.0038424 0.0009320 0.0019259 0.0028703 0.0018605 0.0000000 0.0027949 0.0018605 0.0027947 0.0019146 0.0020314 0.0018619 0.0032355 0.0018605 0.0019125 0.0018605 0.0018605 0.0018605 0.0018605 0.0020361 0.0019146 0.0019226 0.0018605 0.0018605 0.0018605 0.0018605 0.0024405 0.0018605 0.0018605 0.0018605 0.0027920 0.0027920 0.0018605 0.0027920 0.0028703 0.0018605 0.0027920 0.0018605 0.0018605 0.0027947 0.0030742 0.0028100 0.0066625 0.0018643 0.0018605 0.0018605 0.0030545 0.0018645 0.0018605 0.0040691 0.0018605 0.0018605 0.0018605 0.0074466 0.0065246 0.0027920 0.0053269 0.0027920 0.0018605 0.0022673 0.0027938 0.0035703 0.0019226 0.0045003 0.0019474 0.0018605 0.0018605 0.0027920 0.0020334 0.0068481 0.0057764 0.0057701 0.0056128 0.0077130 0.0056069 0.0061234 0.0074351 0.0099234 0.0065446 0.0084414 0.0065446 0.0067275 0.0075107 0.0056142 0.0074876 0.0056069 0.0056128 0.0065446 0.0048048 0.0048157 0.0046689 0.0048263 0.0046689 0.0047996 0.0046689 0.0046899 0.0056106 0.0247967 0.0339062 0.0270711 
MH751947.1_Eimeria_ferrisi              0.0015192 0.0000020 0.0009430 0.0018857 0.0018857 0.0000029 0.0018884 0.0018864 0.0018918 0.0014932 0.0018995 0.0009415 0.0015466 0.0027949 0.0000000 0.0022441 0.0034093 0.0028325 0.0017977 0.0022794 0.0000020 0.0015085 0.0018844 0.0015548 0.0014898 0.0023582 0.0014906 0.0020199 0.0018878 0.0019068 0.0022637 0.0025702 0.0014898 0.0022441 0.0020956 0.0015085 0.0015085 0.0015085 0.0007722 0.0015323 0.0014945 0.0007537 0.0009415 0.0015220 0.0008331 0.0015220 0.0014945 0.0042215 0.0020443 0.0022475 0.0026514 0.0014952 0.0014898 0.0014898 0.0010082 0.0014953 0.0014898 0.0026833 0.0014898 0.0014898 0.0014898 0.0018520 0.0035848 0.0015624 0.0057541 0.0008260 0.0015413 0.0011304 0.0046484 0.0014381 0.0018917 0.0021531 0.0009321 0.0015959 0.0015604 0.0008511 0.0009732 0.0096913 0.0085844 0.0085751 0.0083831 0.0105072 0.0082712 0.0071550 0.0105054 0.0120528 0.0090268 0.0106009 0.0092806 0.0091950 0.0098118 0.0082799 0.0111995 0.0085650 0.0085972 0.0093558 0.0095265 0.0097449 0.0099115 0.0095758 0.0090557 0.0095162 0.0094266 0.0094336 0.0103686 0.0272680 0.0375100 0.0301610 
MH751949.1_Eimeria_ferrisi              0.0007590 0.0010611 0.0009424 0.0000010 0.0000010 0.0009565 0.0018869 0.0000010 0.0018901 0.0007490 0.0000010 0.0009401 0.0007730 0.0018605 0.0022441 0.0000000 0.0017014 0.0009417 0.0008985 0.0000010 0.0010736 0.0007536 0.0000010 0.0007763 0.0007467 0.0000010 0.0007471 0.0000010 0.0000010 0.0000010 0.0015078 0.0000010 0.0007467 0.0000010 0.0010467 0.0007536 0.0007536 0.0007536 0.0015448 0.0007647 0.0007467 0.0015077 0.0009401 0.0007604 0.0008318 0.0007604 0.0007467 0.0016833 0.0010203 0.0015017 0.0039754 0.0007479 0.0007467 0.0007467 0.0010077 0.0007480 0.0007467 0.0017930 0.0007467 0.0007467 0.0007467 0.0037018 0.0047811 0.0023520 0.0043315 0.0016523 0.0007726 0.0000010 0.0038833 0.0000010 0.0000010 0.0032307 0.0000010 0.0007970 0.0007799 0.0008505 0.0000010 0.0116347 0.0104974 0.0104861 0.0106826 0.0124236 0.0105732 0.0081741 0.0126125 0.0157002 0.0113332 0.0129302 0.0116155 0.0119712 0.0121298 0.0105846 0.0136636 0.0109511 0.0109923 0.0117485 0.0095186 0.0088398 0.0091326 0.0095677 0.0098125 0.0095083 0.0102145 0.0102217 0.0111696 0.0281551 0.0384632 0.0326074 
MH751950.1_Eimeria_ferrisi              0.0017014 0.0010611 0.0009449 0.0000010 0.0000010 0.0009565 0.0018931 0.0000010 0.0018952 0.0017063 0.0000010 0.0009439 0.0017106 0.0027947 0.0034093 0.0017014 0.0000000 0.0000010 0.0000010 0.0017026 0.0010736 0.0017014 0.0000010 0.0017206 0.0017014 0.0017084 0.0017014 0.0000010 0.0000010 0.0000010 0.0017014 0.0009194 0.0017014 0.0017014 0.0000010 0.0017014 0.0017014 0.0017014 0.0025632 0.0025533 0.0017014 0.0025533 0.0009439 0.0017014 0.0025606 0.0017014 0.0017014 0.0000010 0.0010203 0.0025684 0.0039754 0.0017046 0.0017014 0.0017014 0.0010077 0.0017047 0.0017014 0.0037260 0.0017014 0.0017014 0.0017014 0.0055693 0.0038431 0.0025533 0.0061406 0.0026399 0.0017014 0.0000010 0.0034113 0.0030740 0.0000010 0.0022144 0.0018665 0.0017084 0.0017167 0.0025684 0.0019489 0.0116663 0.0105255 0.0105141 0.0129381 0.0124569 0.0129255 0.0081741 0.0126600 0.0168602 0.0137935 0.0155636 0.0137935 0.0114628 0.0147119 0.0129410 0.0146702 0.0129255 0.0129381 0.0137935 0.0095509 0.0095725 0.0120555 0.0095934 0.0120555 0.0095406 0.0121384 0.0122040 0.0130598 0.0285243 0.0401985 0.0338915 
MH751953.1_Eimeria_ferrisi              0.0009417 0.0010611 0.0009424 0.0000010 0.0000010 0.0009565 0.0028332 0.0009417 0.0018901 0.0009453 0.0000010 0.0018854 0.0009417 0.0019146 0.0028325 0.0009417 0.0000010 0.0000000 0.0009988 0.0009425 0.0010736 0.0009417 0.0009417 0.0009417 0.0009417 0.0009417 0.0009417 0.0000010 0.0000010 0.0000010 0.0009417 0.0009417 0.0009417 0.0009417 0.0011958 0.0009417 0.0009417 0.0009417 0.0018854 0.0018854 0.0009417 0.0018854 0.0018854 0.0009417 0.0009478 0.0009417 0.0009417 0.0009417 0.0010203 0.0018978 0.0039754 0.0009438 0.0009417 0.0009417 0.0010077 0.0009439 0.0009417 0.0020902 0.0009417 0.0009417 0.0009417 0.0038628 0.0051084 0.0018854 0.0000010 0.0018854 0.0009417 0.0000010 0.0028345 0.0000010 0.0009461 0.0033127 0.0000010 0.0009417 0.0009417 0.0018854 0.0000010 0.0116347 0.0104974 0.0104974 0.0114557 0.0124236 0.0114432 0.0081741 0.0136800 0.0182036 0.0124028 0.0133858 0.0124028 0.0124028 0.0134141 0.0114585 0.0133713 0.0114432 0.0114557 0.0124028 0.0104817 0.0105168 0.0104817 0.0095677 0.0104817 0.0104817 0.0104817 0.0105300 0.0114509 0.0294381 0.0384825 0.0351847 
MH751954.1_Eimeria_ferrisi              0.0000010 0.0010611 0.0009989 0.0000010 0.0000010 0.0010106 0.0019986 0.0000010 0.0020004 0.0000026 0.0000010 0.0009982 0.0000010 0.0020314 0.0017977 0.0008985 0.0000010 0.0009988 0.0000000 0.0008991 0.0010736 0.0000010 0.0000010 0.0000010 0.0000010 0.0009095 0.0000010 0.0000010 0.0000010 0.0000010 0.0000010 0.0009262 0.0000010 0.0008985 0.0000010 0.0000010 0.0000010 0.0000010 0.0008980 0.0017979 0.0000010 0.0008980 0.0009982 0.0000010 0.0010049 0.0000010 0.0000010 0.0018238 0.0010284 0.0009036 0.0039754 0.0000010 0.0000010 0.0000010 0.0010093 0.0000010 0.0000010 0.0022294 0.0000010 0.0000010 0.0000010 0.0021763 0.0035810 0.0018899 0.0000010 0.0009340 0.0000010 0.0000010 0.0037380 0.0000010 0.0000010 0.0021511 0.0000010 0.0000010 0.0000010 0.0009968 0.0000010 0.0121545 0.0111358 0.0111358 0.0099973 0.0131700 0.0099866 0.0082479 0.0126125 0.0145099 0.0109002 0.0118332 0.0110232 0.0116965 0.0118564 0.0099995 0.0136047 0.0103448 0.0103918 0.0113033 0.0100958 0.0102761 0.0099899 0.0101314 0.0090725 0.0100958 0.0090725 0.0091122 0.0101053 0.0278603 0.0366193 0.0303810 
MH751955.1_Eimeria_ferrisi              0.0007618 0.0010620 0.0009431 0.0000010 0.0000010 0.0009572 0.0018883 0.0000010 0.0018915 0.0007604 0.0000010 0.0009408 0.0007735 0.0018619 0.0022794 0.0000010 0.0017026 0.0009425 0.0008991 0.0000000 0.0010745 0.0007585 0.0000010 0.0007778 0.0007585 0.0000010 0.0007585 0.0000010 0.0000010 0.0000010 0.0007585 0.0000010 0.0007585 0.0000010 0.0010493 0.0007585 0.0007585 0.0007585 0.0015476 0.0007652 0.0007585 0.0015174 0.0009408 0.0007617 0.0008368 0.0007617 0.0007585 0.0016844 0.0010211 0.0015255 0.0039795 0.0007597 0.0007585 0.0007585 0.0010085 0.0007598 0.0007585 0.0018244 0.0007585 0.0007585 0.0007585 0.0037072 0.0047856 0.0023879 0.0044548 0.0016534 0.0007842 0.0000010 0.0039420 0.0000010 0.0000010 0.0032334 0.0000010 0.0007975 0.0007804 0.0008511 0.0000010 0.0116436 0.0105053 0.0104939 0.0107512 0.0124330 0.0107418 0.0081807 0.0126220 0.0157151 0.0115139 0.0131214 0.0116768 0.0119799 0.0123234 0.0107533 0.0138774 0.0111177 0.0111602 0.0119276 0.0095257 0.0088460 0.0091908 0.0095749 0.0099685 0.0095154 0.0102208 0.0102406 0.0111767 0.0282137 0.0390992 0.0327008 
MH751958.1_Eimeria_ferrisi              0.0010736 0.0000010 0.0000010 0.0010736 0.0010736 0.0000010 0.0010740 0.0010736 0.0010744 0.0010776 0.0010758 0.0000010 0.0010736 0.0032355 0.0000020 0.0010736 0.0010736 0.0010736 0.0010736 0.0010745 0.0000000 0.0010736 0.0010736 0.0010736 0.0010736 0.0010736 0.0010736 0.0010736 0.0010736 0.0010736 0.0010736 0.0010736 0.0010736 0.0010736 0.0012920 0.0010736 0.0010736 0.0010736 0.0000010 0.0000010 0.0010736 0.0000010 0.0000010 0.0010736 0.0000010 0.0010736 0.0010736 0.0010736 0.0021819 0.0021647 0.0026515 0.0010761 0.0010736 0.0010736 0.0000010 0.0010763 0.0010736 0.0033803 0.0010736 0.0010736 0.0010736 0.0000010 0.0027694 0.0000010 0.0021344 0.0000010 0.0010736 0.0011676 0.0010736 0.0021520 0.0010736 0.0011840 0.0010736 0.0010736 0.0010736 0.0000010 0.0011262 0.0086867 0.0075965 0.0075965 0.0075965 0.0097746 0.0075872 0.0076059 0.0089689 0.0121976 0.0086760 0.0097847 0.0086760 0.0086760 0.0098078 0.0075987 0.0097726 0.0075872 0.0075965 0.0086760 0.0086760 0.0086908 0.0086760 0.0087016 0.0086760 0.0086760 0.0086760 0.0087215 0.0097763 0.0289254 0.0383141 0.0337980 
MH751959.1_Eimeria_ferrisi              0.0000010 0.0010611 0.0009424 0.0000010 0.0000010 0.0009565 0.0018869 0.0000010 0.0018901 0.0000023 0.0000010 0.0009401 0.0000010 0.0018605 0.0015085 0.0007536 0.0017014 0.0009417 0.0000010 0.0007585 0.0010736 0.0000000 0.0000010 0.0000010 0.0000010 0.0007847 0.0000010 0.0000010 0.0000010 0.0000010 0.0000010 0.0008549 0.0000010 0.0007536 0.0000010 0.0000010 0.0000010 0.0000010 0.0007666 0.0015310 0.0000010 0.0007492 0.0009401 0.0000010 0.0008318 0.0000010 0.0000010 0.0025281 0.0010203 0.0007531 0.0039754 0.0000010 0.0000010 0.0000010 0.0010077 0.0000010 0.0000010 0.0018131 0.0000010 0.0000010 0.0000010 0.0037018 0.0035810 0.0015819 0.0044103 0.0008254 0.0000010 0.0000010 0.0031331 0.0000010 0.0000010 0.0021511 0.0000010 0.0000010 0.0000010 0.0008505 0.0000010 0.0116347 0.0104974 0.0104861 0.0098564 0.0124236 0.0098479 0.0081741 0.0126125 0.0144721 0.0106097 0.0122741 0.0108313 0.0110386 0.0114060 0.0098584 0.0129767 0.0102580 0.0102977 0.0110625 0.0095186 0.0097374 0.0098622 0.0095677 0.0090846 0.0095083 0.0094205 0.0093736 0.0103619 0.0279772 0.0386186 0.0323254 
MH751961.1_Eimeria_ferrisi              0.0000010 0.0010611 0.0009424 0.0000010 0.0000010 0.0009565 0.0018869 0.0000010 0.0018901 0.0000028 0.0000010 0.0009401 0.0000010 0.0019125 0.0018844 0.0000010 0.0000010 0.0009417 0.0000010 0.0000010 0.0010736 0.0000010 0.0000000 0.0000010 0.0000010 0.0000010 0.0000010 0.0000010 0.0000010 0.0000010 0.0000010 0.0000010 0.0000010 0.0000010 0.0000010 0.0000010 0.0000010 0.0000010 0.0009401 0.0009401 0.0000010 0.0009401 0.0009401 0.0000010 0.0009468 0.0000010 0.0000010 0.0000010 0.0010203 0.0009459 0.0039754 0.0000010 0.0000010 0.0000010 0.0010077 0.0000010 0.0000010 0.0020877 0.0000010 0.0000010 0.0000010 0.0038544 0.0038252 0.0009401 0.0000010 0.0009401 0.0000010 0.0000010 0.0018857 0.0000010 0.0000010 0.0022058 0.0000010 0.0000010 0.0000010 0.0009401 0.0000010 0.0116347 0.0104974 0.0104861 0.0104784 0.0124236 0.0104670 0.0081741 0.0126125 0.0167763 0.0114242 0.0124031 0.0114242 0.0114242 0.0124289 0.0104809 0.0123896 0.0104670 0.0104784 0.0114242 0.0095186 0.0095400 0.0095083 0.0095677 0.0095083 0.0095083 0.0095083 0.0095519 0.0104741 0.0284248 0.0374117 0.0337221 
MH751962.1_Eimeria_ferrisi              0.0000010 0.0010611 0.0009424 0.0000010 0.0000010 0.0009565 0.0018869 0.0000010 0.0018901 0.0000024 0.0000010 0.0009401 0.0000010 0.0018605 0.0015548 0.0007763 0.0017206 0.0009417 0.0000010 0.0007778 0.0010736 0.0000010 0.0000010 0.0000000 0.0000010 0.0007898 0.0000010 0.0000010 0.0000010 0.0000010 0.0000010 0.0008549 0.0000010 0.0007763 0.0000010 0.0000010 0.0000010 0.0000010 0.0007659 0.0015611 0.0000010 0.0007718 0.0009401 0.0000010 0.0008610 0.0000010 0.0000010 0.0025281 0.0010203 0.0007699 0.0039754 0.0000010 0.0000010 0.0000010 0.0010077 0.0000010 0.0000010 0.0018808 0.0000010 0.0000010 0.0000010 0.0037018 0.0035810 0.0016329 0.0015564 0.0008254 0.0000010 0.0000010 0.0032346 0.0000010 0.0000010 0.0021511 0.0000010 0.0000010 0.0000010 0.0008549 0.0000010 0.0116347 0.0104974 0.0104861 0.0100879 0.0124236 0.0101534 0.0081741 0.0126125 0.0144721 0.0108592 0.0126598 0.0111747 0.0110386 0.0116745 0.0100900 0.0134086 0.0105901 0.0106321 0.0114200 0.0095186 0.0097374 0.0101688 0.0095677 0.0092982 0.0095083 0.0094592 0.0093328 0.0103778 0.0277498 0.0368503 0.0319668 
MH751963.1_Eimeria_ferrisi              0.0000010 0.0010611 0.0009424 0.0000010 0.0000010 0.0009565 0.0018869 0.0000010 0.0018901 0.0000023 0.0000010 0.0009401 0.0000010 0.0018605 0.0014898 0.0007467 0.0017014 0.0009417 0.0000010 0.0007585 0.0010736 0.0000010 0.0000010 0.0000010 0.0000000 0.0007847 0.0000010 0.0000010 0.0000010 0.0000010 0.0007377 0.0008549 0.0000010 0.0007467 0.0000010 0.0000010 0.0000010 0.0000010 0.0007610 0.0015310 0.0000010 0.0007492 0.0009401 0.0000010 0.0008318 0.0000010 0.0000010 0.0025281 0.0010203 0.0007325 0.0039754 0.0000010 0.0000010 0.0000010 0.0010077 0.0007318 0.0000010 0.0017862 0.0000010 0.0000010 0.0000010 0.0037018 0.0035810 0.0015614 0.0043052 0.0008254 0.0000010 0.0000010 0.0030928 0.0000010 0.0000010 0.0021511 0.0000010 0.0000010 0.0000010 0.0008505 0.0000010 0.0116347 0.0104974 0.0104861 0.0097480 0.0124236 0.0097255 0.0081741 0.0126125 0.0144721 0.0104047 0.0121195 0.0108313 0.0110386 0.0110917 0.0095874 0.0128042 0.0101250 0.0101640 0.0109191 0.0095186 0.0097374 0.0098622 0.0095677 0.0089027 0.0095083 0.0094205 0.0092247 0.0103619 0.0274812 0.0375169 0.0315455 
MH751965.1_Eimeria_ferrisi              0.0007847 0.0010611 0.0009424 0.0000010 0.0000010 0.0009565 0.0018869 0.0000010 0.0018901 0.0007864 0.0000010 0.0009401 0.0007857 0.0018605 0.0023582 0.0000010 0.0017084 0.0009417 0.0009095 0.0000010 0.0010736 0.0007847 0.0000010 0.0007898 0.0007847 0.0000000 0.0007847 0.0000010 0.0000010 0.0000010 0.0007847 0.0000010 0.0007847 0.0000010 0.0010700 0.0007847 0.0007847 0.0007847 0.0015701 0.0007841 0.0007847 0.0015701 0.0009401 0.0007847 0.0008548 0.0007847 0.0007847 0.0016833 0.0010203 0.0015779 0.0039754 0.0007860 0.0007847 0.0007847 0.0010077 0.0007861 0.0007847 0.0018660 0.0007847 0.0007847 0.0007847 0.0037018 0.0047811 0.0024358 0.0015376 0.0016523 0.0007993 0.0000010 0.0040201 0.0000010 0.0000010 0.0032307 0.0000010 0.0007970 0.0007882 0.0008505 0.0000010 0.0116347 0.0104974 0.0104861 0.0111269 0.0124236 0.0111168 0.0081741 0.0126125 0.0160014 0.0119159 0.0135417 0.0119159 0.0119712 0.0127553 0.0111292 0.0141620 0.0113395 0.0113834 0.0121654 0.0095186 0.0088398 0.0095113 0.0095677 0.0103153 0.0095083 0.0103410 0.0103920 0.0111797 0.0268494 0.0360420 0.0309089 
MH751966.1_Eimeria_ferrisi              0.0000010 0.0010611 0.0009424 0.0000010 0.0000010 0.0009565 0.0018869 0.0000010 0.0018901 0.0000023 0.0000010 0.0009401 0.0000010 0.0018605 0.0014906 0.0007471 0.0017014 0.0009417 0.0000010 0.0007585 0.0010736 0.0000010 0.0000010 0.0000010 0.0000010 0.0007847 0.0000000 0.0000010 0.0000010 0.0000010 0.0007537 0.0008549 0.0000010 0.0007471 0.0000010 0.0000010 0.0000010 0.0000010 0.0007722 0.0015310 0.0000010 0.0007537 0.0009401 0.0000010 0.0008318 0.0000010 0.0000010 0.0025281 0.0010203 0.0007476 0.0039754 0.0000010 0.0000010 0.0000010 0.0010077 0.0000010 0.0000010 0.0017844 0.0000010 0.0000010 0.0000010 0.0037018 0.0035810 0.0015600 0.0042982 0.0008254 0.0000010 0.0000010 0.0030900 0.0000010 0.0000010 0.0021511 0.0000010 0.0000010 0.0000010 0.0008505 0.0000010 0.0116347 0.0104974 0.0104861 0.0099166 0.0124236 0.0097758 0.0081741 0.0126125 0.0144721 0.0105321 0.0121093 0.0108313 0.0110386 0.0113221 0.0097861 0.0127926 0.0101171 0.0101550 0.0109095 0.0095186 0.0097374 0.0099108 0.0095677 0.0090544 0.0095083 0.0094205 0.0094325 0.0103619 0.0272658 0.0375075 0.0313844 
MH751967.1_Eimeria_ferrisi              0.0000010 0.0010637 0.0010081 0.0000010 0.0000010 0.0010129 0.0020189 0.0000010 0.0020196 0.0000029 0.0000010 0.0010081 0.0000010 0.0020361 0.0020199 0.0000010 0.0000010 0.0000010 0.0000010 0.0000010 0.0010736 0.0000010 0.0000010 0.0000010 0.0000010 0.0000010 0.0000010 0.0000000 0.0000010 0.0000010 0.0000010 0.0000010 0.0000010 0.0000010 0.0000010 0.0000010 0.0000010 0.0000010 0.0010081 0.0010081 0.0000010 0.0010081 0.0010081 0.0000010 0.0010081 0.0000010 0.0000010 0.0000010 0.0010314 0.0010151 0.0039754 0.0000010 0.0000010 0.0000010 0.0010117 0.0000010 0.0000010 0.0022353 0.0000010 0.0000010 0.0000010 0.0021871 0.0038638 0.0010081 0.0000010 0.0010081 0.0000010 0.0000010 0.0020214 0.0000010 0.0000010 0.0022244 0.0000010 0.0000010 0.0000010 0.0010081 0.0000010 0.0122692 0.0112408 0.0112408 0.0112408 0.0132943 0.0112277 0.0082673 0.0127159 0.0169593 0.0122550 0.0133071 0.0122550 0.0122550 0.0133368 0.0112438 0.0132917 0.0112277 0.0112408 0.0122550 0.0101988 0.0102152 0.0101988 0.0102271 0.0101988 0.0101988 0.0101988 0.0102490 0.0112359 0.0292835 0.0391512 0.0340913 
MH751968.1_Eimeria_ferrisi              0.0000010 0.0010611 0.0009424 0.0000010 0.0000010 0.0009565 0.0018880 0.0000010 0.0018901 0.0000028 0.0000010 0.0009424 0.0000010 0.0019146 0.0018878 0.0000010 0.0000010 0.0000010 0.0000010 0.0000010 0.0010736 0.0000010 0.0000010 0.0000010 0.0000010 0.0000010 0.0000010 0.0000010 0.0000000 0.0000010 0.0000010 0.0000010 0.0000010 0.0000010 0.0000010 0.0000010 0.0000010 0.0000010 0.0009424 0.0009424 0.0000010 0.0009424 0.0009424 0.0000010 0.0009478 0.0000010 0.0000010 0.0000010 0.0010203 0.0009485 0.0039754 0.0000010 0.0000010 0.0000010 0.0010077 0.0000010 0.0000010 0.0020902 0.0000010 0.0000010 0.0000010 0.0038628 0.0038294 0.0009424 0.0000010 0.0009424 0.0000010 0.0000010 0.0018888 0.0000010 0.0000010 0.0022075 0.0000010 0.0000010 0.0000010 0.0009424 0.0000010 0.0116347 0.0104974 0.0104974 0.0104974 0.0124236 0.0104858 0.0081741 0.0126228 0.0167943 0.0114446 0.0124251 0.0114446 0.0114446 0.0124516 0.0104998 0.0124116 0.0104858 0.0104974 0.0114446 0.0095255 0.0095573 0.0095255 0.0095677 0.0095255 0.0095255 0.0095255 0.0095693 0.0104929 0.0284464 0.0374819 0.0337589 
MH751969.1_Eimeria_ferrisi              0.0000010 0.0010611 0.0009519 0.0000010 0.0000010 0.0009565 0.0019059 0.0000010 0.0019070 0.0000028 0.0000010 0.0009519 0.0000010 0.0019226 0.0019068 0.0000010 0.0000010 0.0000010 0.0000010 0.0000010 0.0010736 0.0000010 0.0000010 0.0000010 0.0000010 0.0000010 0.0000010 0.0000010 0.0000010 0.0000000 0.0000010 0.0000010 0.0000010 0.0000010 0.0000010 0.0000010 0.0000010 0.0000010 0.0009519 0.0009519 0.0000010 0.0009519 0.0009519 0.0000010 0.0009519 0.0000010 0.0000010 0.0000010 0.0010203 0.0009581 0.0039754 0.0000010 0.0000010 0.0000010 0.0010077 0.0000010 0.0000010 0.0020993 0.0000010 0.0000010 0.0000010 0.0019411 0.0038600 0.0009519 0.0000010 0.0009519 0.0000010 0.0000010 0.0019073 0.0000010 0.0000010 0.0022225 0.0000010 0.0000010 0.0000010 0.0009519 0.0000010 0.0117050 0.0106041 0.0106041 0.0106041 0.0125407 0.0105917 0.0081741 0.0127055 0.0169408 0.0115614 0.0125525 0.0115614 0.0115614 0.0125785 0.0106060 0.0125388 0.0105917 0.0106041 0.0115614 0.0096218 0.0096544 0.0096218 0.0096650 0.0096218 0.0096218 0.0096218 0.0096669 0.0105990 0.0276184 0.0378742 0.0340538 
MH751970.1_Eimeria_ferrisi              0.0000010 0.0010611 0.0009424 0.0000010 0.0000010 0.0009565 0.0018869 0.0000010 0.0018901 0.0007556 0.0000010 0.0009401 0.0000010 0.0018605 0.0022637 0.0015078 0.0017014 0.0009417 0.0000010 0.0007585 0.0010736 0.0000010 0.0000010 0.0000010 0.0007377 0.0007847 0.0007537 0.0000010 0.0000010 0.0000010 0.0000000 0.0008549 0.0007372 0.0015078 0.0000010 0.0000010 0.0000010 0.0000010 0.0007610 0.0015310 0.0007439 0.0007492 0.0009401 0.0000010 0.0008318 0.0000010 0.0007533 0.0025281 0.0010203 0.0014824 0.0039754 0.0007383 0.0007372 0.0007372 0.0010077 0.0022194 0.0007372 0.0027206 0.0007372 0.0007372 0.0007372 0.0037018 0.0035810 0.0023736 0.0058837 0.0008254 0.0007796 0.0000010 0.0039178 0.0014708 0.0000010 0.0021511 0.0000010 0.0000010 0.0000010 0.0008505 0.0000010 0.0116347 0.0104974 0.0104861 0.0097480 0.0124236 0.0106085 0.0081741 0.0126125 0.0144721 0.0112895 0.0130450 0.0108313 0.0110386 0.0119715 0.0104469 0.0137918 0.0110508 0.0110932 0.0118561 0.0095186 0.0097374 0.0098622 0.0095677 0.0097367 0.0095083 0.0094205 0.0092168 0.0103619 0.0274546 0.0387536 0.0315031 
MH751972.1_Eimeria_ferrisi              0.0008549 0.0010611 0.0009424 0.0000010 0.0000010 0.0009565 0.0018869 0.0000010 0.0018901 0.0008574 0.0000010 0.0009401 0.0008549 0.0018605 0.0025702 0.0000010 0.0009194 0.0009417 0.0009262 0.0000010 0.0010736 0.0008549 0.0000010 0.0008549 0.0008549 0.0000010 0.0008549 0.0000010 0.0000010 0.0000010 0.0008549 0.0000000 0.0008549 0.0000010 0.0010941 0.0008549 0.0008549 0.0008549 0.0017111 0.0008541 0.0008549 0.0017111 0.0009401 0.0008549 0.0009214 0.0008549 0.0008549 0.0017115 0.0010203 0.0017208 0.0039754 0.0008565 0.0008549 0.0008549 0.0010077 0.0008566 0.0008549 0.0020259 0.0008549 0.0008549 0.0008549 0.0037018 0.0047811 0.0026143 0.0017621 0.0017242 0.0008574 0.0000010 0.0043129 0.0000010 0.0000010 0.0032307 0.0000010 0.0008549 0.0008549 0.0009144 0.0000010 0.0116347 0.0104974 0.0104861 0.0103839 0.0124236 0.0103740 0.0081741 0.0126125 0.0164145 0.0112437 0.0130115 0.0112437 0.0119712 0.0121548 0.0103866 0.0134133 0.0104122 0.0104556 0.0112963 0.0095186 0.0088779 0.0086279 0.0095677 0.0095021 0.0095083 0.0095021 0.0095424 0.0103804 0.0273504 0.0375799 0.0317115 
MH751979.1_Eimeria_ferrisi              0.0000010 0.0010611 0.0009424 0.0000010 0.0000010 0.0009565 0.0018869 0.0000010 0.0018901 0.0000023 0.0000010 0.0009401 0.0000010 0.0018605 0.0014898 0.0007467 0.0017014 0.0009417 0.0000010 0.0007585 0.0010736 0.0000010 0.0000010 0.0000010 0.0000010 0.0007847 0.0000010 0.0000010 0.0000010 0.0000010 0.0007372 0.0008549 0.0000000 0.0007467 0.0000010 0.0000010 0.0000010 0.0000010 0.0007610 0.0015310 0.0000010 0.0007492 0.0009401 0.0000010 0.0008318 0.0000010 0.0000010 0.0025281 0.0010203 0.0007240 0.0039754 0.0000010 0.0000010 0.0000010 0.0010077 0.0043885 0.0000010 0.0017844 0.0000010 0.0000010 0.0000010 0.0037018 0.0035810 0.0015600 0.0042982 0.0008254 0.0000010 0.0000010 0.0030900 0.0000010 0.0000010 0.0021511 0.0000010 0.0000010 0.0000010 0.0008505 0.0000010 0.0116347 0.0104974 0.0104861 0.0097480 0.0124236 0.0097173 0.0081741 0.0126125 0.0144721 0.0103959 0.0121093 0.0108313 0.0110386 0.0109357 0.0094524 0.0127926 0.0101171 0.0101550 0.0109095 0.0095186 0.0097374 0.0098622 0.0095677 0.0089027 0.0095083 0.0094205 0.0090983 0.0103619 0.0270605 0.0369728 0.0308922 
MH751982.1_Eimeria_ferrisi              0.0007590 0.0010611 0.0009424 0.0000010 0.0000010 0.0009565 0.0018869 0.0000010 0.0018901 0.0007490 0.0000010 0.0009401 0.0007730 0.0018605 0.0022441 0.0000010 0.0017014 0.0009417 0.0008985 0.0000010 0.0010736 0.0007536 0.0000010 0.0007763 0.0007467 0.0000010 0.0007471 0.0000010 0.0000010 0.0000010 0.0015078 0.0000010 0.0007467 0.0000000 0.0010467 0.0007536 0.0007536 0.0007536 0.0015448 0.0007647 0.0007467 0.0015077 0.0009401 0.0007604 0.0008318 0.0007604 0.0007467 0.0016833 0.0010203 0.0015017 0.0039754 0.0007479 0.0007467 0.0007467 0.0010077 0.0007480 0.0007467 0.0017930 0.0007467 0.0007467 0.0007467 0.0037018 0.0047811 0.0023520 0.0043315 0.0016523 0.0007726 0.0000010 0.0038833 0.0000010 0.0000010 0.0032307 0.0000010 0.0007970 0.0007799 0.0008505 0.0000010 0.0116347 0.0104974 0.0104861 0.0106826 0.0124236 0.0105732 0.0081741 0.0126125 0.0157002 0.0113332 0.0129302 0.0116155 0.0119712 0.0121298 0.0105846 0.0136636 0.0109511 0.0109923 0.0117485 0.0095186 0.0088398 0.0091326 0.0095677 0.0098125 0.0095083 0.0102145 0.0102217 0.0111696 0.0281551 0.0384632 0.0326074 
MH751983.1_Eimeria_ferrisi              0.0000010 0.0012863 0.0011959 0.0000010 0.0000010 0.0012127 0.0023932 0.0000010 0.0023957 0.0000028 0.0000010 0.0011950 0.0000010 0.0024405 0.0020956 0.0010467 0.0000010 0.0011958 0.0000010 0.0010493 0.0012920 0.0000010 0.0000010 0.0000010 0.0000010 0.0010700 0.0000010 0.0000010 0.0000010 0.0000010 0.0000010 0.0010941 0.0000010 0.0010467 0.0000000 0.0000010 0.0000010 0.0000010 0.0010265 0.0021062 0.0000010 0.0010381 0.0011950 0.0000010 0.0012047 0.0000010 0.0000010 0.0021467 0.0012351 0.0010034 0.0043116 0.0000010 0.0000010 0.0000010 0.0012110 0.0061109 0.0000010 0.0027324 0.0000010 0.0000010 0.0000010 0.0033966 0.0035810 0.0022399 0.0000010 0.0011046 0.0000010 0.0000010 0.0044196 0.0000010 0.0000010 0.0011629 0.0000010 0.0000010 0.0000010 0.0011930 0.0000010 0.0145760 0.0133709 0.0133709 0.0114041 0.0158161 0.0115656 0.0099400 0.0145870 0.0144721 0.0125017 0.0138944 0.0129943 0.0139412 0.0132008 0.0111135 0.0162053 0.0122472 0.0123131 0.0133857 0.0121155 0.0121301 0.0115900 0.0121269 0.0103468 0.0121155 0.0106464 0.0101433 0.0108128 0.0289666 0.0354325 0.0308922 
