194
JQ993669_Isospora_sp._ex_Talpa_europaea         0.0000000 0.0067565 0.0135562 0.0242838 0.0253730 0.0243644 0.0243989 0.0367843 0.0237190 0.0277039 0.0216458 0.0326270 0.0216458 0.0223229 0.0247924 0.0243410 0.0329861 0.0234754 0.0235244 0.0243989 0.0225857 0.0252488 0.0209616 0.0243410 0.0261098 0.0234251 0.0261574 0.0261276 0.0254108 0.0260883 0.0224848 0.0234748 0.0296384 0.0359057 0.0586808 0.0224588 0.0242563 0.0252020 0.0242838 0.0245264 0.0252129 0.0225408 0.0224720 0.0233825 0.0233896 0.0224741 0.0208103 0.0252553 0.0237671 0.0243410 0.0286085 0.0243586 0.0270609 0.0274941 0.0243989 0.0243410 0.0235514 0.0243410 0.0253077 0.0243586 0.0232866 0.0246736 0.0245870 0.0243989 0.0243989 0.0196893 0.0280433 0.0285323 0.0233000 0.0216324 0.0272044 0.0207598 0.0215832 0.0319497 0.0450838 0.0216405 0.0261916 0.0271827 0.0206880 0.0215624 0.0231971 0.0235049 0.0234584 0.0234251 0.0344451 0.0234366 0.0345748 0.0238818 0.0251773 0.0255985 0.0242552 0.0274002 0.0285198 0.0274679 0.0274679 0.0245398 0.0296062 0.0266776 0.0274453 0.0296768 0.0253515 0.0264593 0.0276300 0.0234805 0.0253515 0.0250160 0.0274389 0.0284963 0.0264136 0.0224437 0.0264076 0.0244211 0.0274119 0.0275427 0.0243903 0.0285626 0.0269472 0.0274740 0.0240669 0.0277453 0.0272348 0.0253200 0.0274453 0.0270103 0.0267365 0.0260510 0.0259689 0.0264330 0.0282468 0.0274679 0.0265789 0.0267105 0.0264658 0.0242552 0.0290794 0.0281781 0.0236742 0.0260378 0.0263331 0.0265713 0.0239433 0.0274119 0.0279792 0.0268795 0.0266703 0.0262829 0.0279003 0.0284988 0.0270103 0.0281733 0.0284963 0.0270103 0.0276346 0.0270103 0.0264136 0.0270242 0.0254108 0.0262779 0.0256124 0.0365184 0.0236094 0.0264588 0.0262584 0.0263834 0.0293624 0.0324609 0.0261957 0.0283595 0.0263427 0.0244447 0.0261772 0.0261772 0.0262584 0.0273986 0.0235544 0.0236577 0.0245496 0.0274533 0.0337847 0.0279689 0.0243822 0.0266403 0.0255216 0.0280627 0.0297350 0.0245720 0.0274081 0.0210612 0.0327873 0.0247397 0.0254364 0.0255985 0.0284576 0.0259499 
JQ993670_Isospora_sp._ex_Talpa_europaea         0.0067565 0.0000000 0.0138329 0.0323489 0.0365013 0.0323910 0.0324554 0.0738322 0.0299104 0.0337374 0.0299104 0.0445242 0.0299104 0.0299104 0.0332261 0.0323489 0.0573922 0.0311568 0.0312480 0.0324554 0.0312480 0.0337093 0.0210167 0.0323489 0.0349169 0.0311651 0.0350032 0.0349133 0.0353351 0.0366151 0.0351087 0.0312560 0.0457555 0.0392106 0.0420118 0.0338374 0.0363440 0.0363800 0.0323489 0.0354102 0.0336618 0.0351164 0.0350808 0.0336141 0.0337752 0.0336994 0.0326895 0.0377380 0.0329613 0.0323489 0.0323489 0.0323814 0.0338109 0.0402263 0.0324554 0.0323489 0.0312956 0.0323489 0.0324554 0.0323814 0.0246958 0.0329613 0.0331931 0.0324554 0.0324554 0.0197381 0.0364307 0.0446811 0.0349440 0.0300610 0.0339956 0.0288445 0.0325714 0.0447793 0.0518853 0.0300610 0.0378387 0.0365744 0.0313273 0.0312229 0.0319871 0.0316246 0.0311255 0.0311651 0.0483664 0.0310952 0.0592165 0.0319051 0.0335964 0.0348665 0.0341300 0.0393367 0.0407629 0.0391819 0.0391819 0.0365037 0.0424156 0.0372908 0.0391336 0.0407629 0.0357914 0.0333586 0.0392316 0.0318858 0.0357914 0.0335975 0.0388528 0.0407126 0.0359664 0.0316641 0.0346654 0.0329133 0.0374187 0.0393385 0.0341710 0.0408519 0.0348665 0.0375404 0.0322498 0.0395476 0.0370799 0.0341695 0.0391336 0.0366529 0.0361320 0.0369055 0.0355844 0.0360042 0.0395821 0.0391819 0.0395328 0.0360834 0.0365561 0.0341300 0.0373190 0.0338618 0.0319453 0.0350849 0.0353756 0.0346689 0.0324581 0.0374187 0.0353405 0.0364026 0.0360076 0.0357177 0.0378968 0.0390471 0.0366529 0.0384179 0.0407126 0.0366529 0.0411283 0.0366529 0.0359664 0.0371509 0.0353351 0.0356390 0.0355735 0.0495612 0.0301404 0.0356093 0.0352368 0.0354694 0.0413527 0.0443256 0.0351199 0.0445538 0.0351962 0.0324872 0.0350852 0.0350852 0.0352368 0.0382259 0.0321819 0.0323814 0.0336268 0.0771264 0.0376709 0.0390244 0.0631848 0.0369028 0.0352054 0.0361110 0.0414835 0.0645997 0.0390557 0.0297573 0.0393621 0.0377573 0.0350366 0.0348665 0.0406315 0.0406498 
JQ993671_Isospora_sp._ex_Talpa_europaea         0.0135562 0.0138329 0.0000000 0.0360927 0.0353087 0.0364667 0.0365147 0.0513047 0.0286329 0.0327836 0.0348908 0.0400027 0.0347971 0.0280402 0.0368468 0.0361854 0.0473186 0.0356495 0.0357177 0.0364137 0.0360780 0.0366317 0.0270670 0.0364355 0.0382561 0.0348269 0.0381706 0.0372642 0.0347819 0.0394030 0.0317529 0.0340813 0.0388327 0.0462573 0.0662698 0.0299560 0.0333165 0.0341624 0.0367078 0.0376967 0.0375758 0.0322432 0.0321533 0.0390925 0.0368272 0.0349236 0.0314168 0.0365749 0.0369206 0.0352953 0.0334600 0.0364597 0.0320125 0.0334362 0.0365147 0.0364355 0.0354766 0.0357912 0.0332051 0.0358633 0.0261326 0.0362484 0.0371788 0.0365147 0.0366496 0.0253977 0.0391634 0.0430879 0.0352822 0.0284261 0.0366833 0.0276699 0.0283705 0.0400153 0.0534281 0.0284354 0.0324141 0.0340812 0.0275870 0.0291750 0.0322542 0.0350827 0.0356258 0.0369162 0.0439731 0.0355351 0.0415594 0.0370179 0.0364045 0.0389551 0.0328207 0.0389706 0.0397230 0.0385869 0.0385869 0.0369463 0.0408973 0.0345195 0.0385975 0.0409975 0.0339623 0.0381962 0.0388976 0.0324500 0.0339244 0.0378962 0.0361295 0.0396444 0.0375938 0.0346858 0.0390433 0.0374954 0.0401444 0.0419028 0.0330066 0.0397830 0.0377716 0.0408513 0.0366278 0.0394774 0.0403172 0.0377642 0.0385541 0.0382537 0.0390991 0.0354966 0.0373172 0.0390427 0.0404509 0.0386305 0.0390458 0.0405128 0.0389641 0.0327841 0.0376958 0.0338307 0.0349056 0.0383363 0.0385275 0.0394987 0.0372754 0.0401444 0.0363623 0.0398313 0.0395451 0.0394180 0.0388121 0.0411688 0.0396088 0.0411980 0.0396444 0.0394300 0.0421156 0.0394300 0.0391944 0.0403848 0.0347819 0.0385087 0.0377799 0.0482448 0.0344644 0.0388136 0.0384281 0.0385945 0.0416163 0.0445499 0.0383440 0.0396364 0.0372004 0.0362938 0.0380213 0.0380213 0.0381541 0.0408155 0.0366554 0.0367966 0.0375605 0.0489645 0.0411849 0.0410111 0.0455904 0.0393946 0.0386124 0.0390266 0.0425126 0.0425080 0.0387179 0.0326136 0.0434494 0.0382771 0.0369849 0.0369989 0.0396553 0.0401447 
JQ993665_Eimeria_nafuko                         0.0242838 0.0323489 0.0360927 0.0000000 0.0176779 0.0007357 0.0007365 0.0050817 0.0042736 0.0054164 0.0044582 0.0000010 0.0044582 0.0040348 0.0007472 0.0007351 0.0035153 0.0029527 0.0007371 0.0007365 0.0052196 0.0062226 0.0013374 0.0007351 0.0021926 0.0021918 0.0021948 0.0029269 0.0009115 0.0108331 0.0150985 0.0044057 0.0220506 0.0184019 0.0270791 0.0198688 0.0174370 0.0174388 0.0007282 0.0067616 0.0051416 0.0152475 0.0152067 0.0082231 0.0074214 0.0112418 0.0137154 0.0174713 0.0007441 0.0000010 0.0030878 0.0007355 0.0010532 0.0012816 0.0007365 0.0007351 0.0007380 0.0000010 0.0000010 0.0000010 0.0000010 0.0000010 0.0007665 0.0007365 0.0007365 0.0000010 0.0120131 0.0039982 0.0167618 0.0191336 0.0265025 0.0199338 0.0183140 0.0290801 0.0424585 0.0191399 0.0239808 0.0240085 0.0183060 0.0190787 0.0027065 0.0023528 0.0029509 0.0036657 0.0000010 0.0029486 0.0163604 0.0029963 0.0014579 0.0110445 0.0028393 0.0076043 0.0096812 0.0106533 0.0106533 0.0068380 0.0106816 0.0009600 0.0106566 0.0107058 0.0000024 0.0101977 0.0107330 0.0035301 0.0000024 0.0007523 0.0018941 0.0096635 0.0103288 0.0056543 0.0093971 0.0038271 0.0117973 0.0132170 0.0028540 0.0116652 0.0101513 0.0118199 0.0030159 0.0076957 0.0109180 0.0007600 0.0106452 0.0102492 0.0107452 0.0000025 0.0113294 0.0109859 0.0114318 0.0106647 0.0107726 0.0107363 0.0105590 0.0028363 0.0010401 0.0000010 0.0023418 0.0015108 0.0106054 0.0030909 0.0015534 0.0117973 0.0113273 0.0107948 0.0107229 0.0109316 0.0093770 0.0110438 0.0108397 0.0101262 0.0096635 0.0108397 0.0112972 0.0108397 0.0109800 0.0121858 0.0009115 0.0094322 0.0106741 0.0123692 0.0022579 0.0106493 0.0105792 0.0106229 0.0103734 0.0155111 0.0105575 0.0123527 0.0022242 0.0007377 0.0105511 0.0105511 0.0105792 0.0032701 0.0007918 0.0007947 0.0015866 0.0155170 0.0135954 0.0115531 0.0204997 0.0101913 0.0113790 0.0092847 0.0148192 0.0173667 0.0106873 0.0031759 0.0122434 0.0095705 0.0106639 0.0104250 0.0105108 0.0100016 
JQ993659_Eimeria_alorani                        0.0253730 0.0365013 0.0353087 0.0176779 0.0000000 0.0166808 0.0166669 0.0290879 0.0154371 0.0156107 0.0174695 0.0223377 0.0176630 0.0156388 0.0169045 0.0166669 0.0248015 0.0159008 0.0159304 0.0166669 0.0198598 0.0211938 0.0067485 0.0166669 0.0182500 0.0182424 0.0182682 0.0190317 0.0170367 0.0214003 0.0066597 0.0198837 0.0098281 0.0290880 0.0456632 0.0111958 0.0029302 0.0044048 0.0174786 0.0182920 0.0198284 0.0021919 0.0021919 0.0221997 0.0190494 0.0089449 0.0097904 0.0044129 0.0168337 0.0172602 0.0171053 0.0166669 0.0152811 0.0173115 0.0166669 0.0166669 0.0167354 0.0170392 0.0158226 0.0170929 0.0087185 0.0172169 0.0165239 0.0166669 0.0166669 0.0063699 0.0223188 0.0205629 0.0151064 0.0112468 0.0207384 0.0120174 0.0119863 0.0223725 0.0343493 0.0112504 0.0159148 0.0159325 0.0119812 0.0112150 0.0168109 0.0179540 0.0159008 0.0184214 0.0235387 0.0159011 0.0059816 0.0162602 0.0174409 0.0208032 0.0156592 0.0224602 0.0229329 0.0239385 0.0239385 0.0201282 0.0240037 0.0179761 0.0239454 0.0240598 0.0166938 0.0198132 0.0241230 0.0154811 0.0166758 0.0170584 0.0187122 0.0228895 0.0211935 0.0205067 0.0189882 0.0164627 0.0214537 0.0253780 0.0157434 0.0250302 0.0227836 0.0216465 0.0162159 0.0227386 0.0213719 0.0172018 0.0239193 0.0218933 0.0209848 0.0179551 0.0224263 0.0206143 0.0257416 0.0239647 0.0242133 0.0218362 0.0245575 0.0156423 0.0195460 0.0122382 0.0162067 0.0178723 0.0207078 0.0190397 0.0175846 0.0214537 0.0222125 0.0211281 0.0209848 0.0205566 0.0208885 0.0210203 0.0211718 0.0205562 0.0228895 0.0214140 0.0220252 0.0214140 0.0206011 0.0260815 0.0170367 0.0237996 0.0200478 0.0300387 0.0164249 0.0207942 0.0206563 0.0207424 0.0246231 0.0259152 0.0206690 0.0240479 0.0174800 0.0166840 0.0206563 0.0206563 0.0206690 0.0201721 0.0170823 0.0171472 0.0179298 0.0412842 0.0268148 0.0216870 0.0367800 0.0218208 0.0213581 0.0252553 0.0249630 0.0319503 0.0240167 0.0155744 0.0264431 0.0227009 0.0219000 0.0213964 0.0225250 0.0237566 
KU174470_Eimeria_apionodes                      0.0243644 0.0323910 0.0364667 0.0007357 0.0166808 0.0000000 0.0000020 0.0036584 0.0042786 0.0054227 0.0036266 0.0000028 0.0037057 0.0040392 0.0000021 0.0000020 0.0035206 0.0021620 0.0000020 0.0000020 0.0058730 0.0062283 0.0013374 0.0000020 0.0021632 0.0028854 0.0014418 0.0021633 0.0009124 0.0100334 0.0141299 0.0043541 0.0207282 0.0173688 0.0258727 0.0188174 0.0164297 0.0164314 0.0007198 0.0058703 0.0043423 0.0141316 0.0141229 0.0080351 0.0065812 0.0118527 0.0127849 0.0180169 0.0000020 0.0000021 0.0030920 0.0000020 0.0010544 0.0012834 0.0000020 0.0000020 0.0000020 0.0000021 0.0000022 0.0000021 0.0000010 0.0000021 0.0000021 0.0000020 0.0000020 0.0000010 0.0110960 0.0029026 0.0165610 0.0189034 0.0261786 0.0196936 0.0180943 0.0287219 0.0400668 0.0189096 0.0236897 0.0237167 0.0180865 0.0188499 0.0027092 0.0023544 0.0021607 0.0029446 0.0000028 0.0021608 0.0163973 0.0022377 0.0007184 0.0101508 0.0028423 0.0076134 0.0096918 0.0106650 0.0106650 0.0068458 0.0106933 0.0009611 0.0106682 0.0107176 0.0000024 0.0091846 0.0107449 0.0035336 0.0000024 0.0000021 0.0009469 0.0096740 0.0103377 0.0056604 0.0084050 0.0030266 0.0107785 0.0132303 0.0028570 0.0116780 0.0101624 0.0109532 0.0022161 0.0077053 0.0100205 0.0000021 0.0106568 0.0102590 0.0097411 0.0000025 0.0113395 0.0099456 0.0114453 0.0106764 0.0107848 0.0106362 0.0105697 0.0028392 0.0010413 0.0000010 0.0023434 0.0007371 0.0096090 0.0022607 0.0007676 0.0107785 0.0113402 0.0099090 0.0098436 0.0100332 0.0093850 0.0102544 0.0098569 0.0092389 0.0096740 0.0100395 0.0102933 0.0100395 0.0099811 0.0121983 0.0009124 0.0094433 0.0096695 0.0123878 0.0022598 0.0096751 0.0095859 0.0096245 0.0103846 0.0144121 0.0095667 0.0110579 0.0014473 0.0000020 0.0095611 0.0095611 0.0095859 0.0023883 0.0000021 0.0000021 0.0007731 0.0155494 0.0136139 0.0104451 0.0195351 0.0102011 0.0102919 0.0092966 0.0136285 0.0150092 0.0106991 0.0031788 0.0122585 0.0095808 0.0106745 0.0104341 0.0105212 0.0100129 
KU174461_Eimeria_apionodes                      0.0243989 0.0324554 0.0365147 0.0007365 0.0166669 0.0000020 0.0000000 0.0036534 0.0042823 0.0054323 0.0036286 0.0000010 0.0037078 0.0040426 0.0000010 0.0000010 0.0035153 0.0021632 0.0000026 0.0000010 0.0058764 0.0062376 0.0013374 0.0000010 0.0021657 0.0028893 0.0014436 0.0021658 0.0009115 0.0100243 0.0141461 0.0043597 0.0207108 0.0173901 0.0259060 0.0188405 0.0164496 0.0164513 0.0007207 0.0058655 0.0043479 0.0141391 0.0141391 0.0080444 0.0065889 0.0118665 0.0128005 0.0180389 0.0000010 0.0000010 0.0030965 0.0000010 0.0010532 0.0012816 0.0000010 0.0000010 0.0000026 0.0000010 0.0000010 0.0000010 0.0000010 0.0000010 0.0000010 0.0000010 0.0000010 0.0000010 0.0111088 0.0029001 0.0165812 0.0189267 0.0262117 0.0197180 0.0181165 0.0287589 0.0410438 0.0189329 0.0237194 0.0237465 0.0181087 0.0188730 0.0027065 0.0023528 0.0021632 0.0029484 0.0000010 0.0021633 0.0163604 0.0022359 0.0007192 0.0101413 0.0028393 0.0076043 0.0096812 0.0106533 0.0106533 0.0068380 0.0106816 0.0009600 0.0106566 0.0107058 0.0000024 0.0091767 0.0107330 0.0035301 0.0000024 0.0000021 0.0018941 0.0096635 0.0103288 0.0056543 0.0083980 0.0030240 0.0107685 0.0132170 0.0028540 0.0116652 0.0101513 0.0109431 0.0022142 0.0076957 0.0100115 0.0000010 0.0106452 0.0102492 0.0097326 0.0000025 0.0113294 0.0099366 0.0114318 0.0106647 0.0107726 0.0106267 0.0105590 0.0028363 0.0010401 0.0000010 0.0023418 0.0007365 0.0096009 0.0022588 0.0007670 0.0107685 0.0113273 0.0098999 0.0098348 0.0100238 0.0093770 0.0102449 0.0098481 0.0092306 0.0096635 0.0100305 0.0102833 0.0100305 0.0099720 0.0121858 0.0009115 0.0094322 0.0096615 0.0123692 0.0022579 0.0096670 0.0095778 0.0096164 0.0103734 0.0143995 0.0095778 0.0110464 0.0014462 0.0000010 0.0095722 0.0095722 0.0095778 0.0023862 0.0000010 0.0000021 0.0007724 0.0155170 0.0135954 0.0104357 0.0195028 0.0101913 0.0102826 0.0092847 0.0136159 0.0149844 0.0106873 0.0031759 0.0122434 0.0095705 0.0106639 0.0104250 0.0105108 0.0100016 
KU174464_Eimeria_apionodes                      0.0367843 0.0738322 0.0513047 0.0050817 0.0290879 0.0036584 0.0036534 0.0000000 0.0164517 0.0199435 0.0086561 0.0056486 0.0089832 0.0142815 0.0036534 0.0036534 0.0067043 0.0061102 0.0000021 0.0036534 0.0126236 0.0162641 0.0129763 0.0036534 0.0061280 0.0061102 0.0048901 0.0048851 0.0060766 0.0156642 0.0203229 0.0098830 0.0285471 0.0274967 0.0446429 0.0272644 0.0284630 0.0271317 0.0048960 0.0112299 0.0073777 0.0243861 0.0243861 0.0150093 0.0112304 0.0230981 0.0234563 0.0299758 0.0036583 0.0039443 0.0150804 0.0036534 0.0105623 0.0069972 0.0036534 0.0036534 0.0036779 0.0038603 0.0049045 0.0038806 0.0076501 0.0038672 0.0036569 0.0036534 0.0036740 0.0087226 0.0164383 0.0061102 0.0301977 0.0302108 0.0418461 0.0315844 0.0287531 0.0480751 0.0628778 0.0302281 0.0301549 0.0346675 0.0287218 0.0273543 0.0075718 0.0066626 0.0061102 0.0076204 0.0053512 0.0061162 0.0242689 0.0063208 0.0048789 0.0154669 0.0076262 0.0155406 0.0140774 0.0156509 0.0156509 0.0141734 0.0157378 0.0062482 0.0156779 0.0157759 0.0045642 0.0138372 0.0158204 0.0076547 0.0045565 0.0037393 0.0076418 0.0140532 0.0161041 0.0118737 0.0138403 0.0062455 0.0151888 0.0188168 0.0076808 0.0156779 0.0173117 0.0155654 0.0061510 0.0157784 0.0154286 0.0036534 0.0156509 0.0162507 0.0151058 0.0049595 0.0160696 0.0150848 0.0173779 0.0156779 0.0157850 0.0167737 0.0149749 0.0076133 0.0053512 0.0092751 0.0065249 0.0048789 0.0150848 0.0073890 0.0049868 0.0151888 0.0242871 0.0154286 0.0154286 0.0154286 0.0147001 0.0143917 0.0151888 0.0141155 0.0140532 0.0156642 0.0141155 0.0156642 0.0151888 0.0165400 0.0060766 0.0193449 0.0151582 0.0190621 0.0065768 0.0151574 0.0150848 0.0150848 0.0155919 0.0151997 0.0150848 0.0150848 0.0061491 0.0036595 0.0150848 0.0150848 0.0150848 0.0048789 0.0036534 0.0036584 0.0048789 0.0155955 0.0277077 0.0138015 0.0195788 0.0153953 0.0150848 0.0202200 0.0150848 0.0150429 0.0157850 0.0079036 0.0207868 0.0170048 0.0160696 0.0161914 0.0147475 0.0170440 
KU174480_Eimeria_apionodes                      0.0237190 0.0299104 0.0286329 0.0042736 0.0154371 0.0042786 0.0042823 0.0164517 0.0000000 0.0054459 0.0000010 0.0063297 0.0000010 0.0000010 0.0043731 0.0042736 0.0063320 0.0032017 0.0032110 0.0042823 0.0010617 0.0042643 0.0000010 0.0042736 0.0064392 0.0032055 0.0064540 0.0064394 0.0062411 0.0089963 0.0131321 0.0032141 0.0217212 0.0131990 0.0120994 0.0177019 0.0142358 0.0142483 0.0042736 0.0043089 0.0053587 0.0131226 0.0131226 0.0042535 0.0042848 0.0064660 0.0132740 0.0154002 0.0043469 0.0042736 0.0042736 0.0042736 0.0053753 0.0069954 0.0042823 0.0042736 0.0042987 0.0042736 0.0042823 0.0042736 0.0024531 0.0043407 0.0045362 0.0042823 0.0042823 0.0012596 0.0097843 0.0051501 0.0165904 0.0143154 0.0189158 0.0132074 0.0143154 0.0273513 0.0375241 0.0143154 0.0236529 0.0200781 0.0131995 0.0153982 0.0036910 0.0033742 0.0032017 0.0032055 0.0070738 0.0031990 0.0235453 0.0032714 0.0053494 0.0092541 0.0039087 0.0085867 0.0119855 0.0106358 0.0106358 0.0080423 0.0133590 0.0065461 0.0106245 0.0133861 0.0052356 0.0080292 0.0106473 0.0047262 0.0052356 0.0044166 0.0078685 0.0119728 0.0091739 0.0039895 0.0091826 0.0045020 0.0103632 0.0106744 0.0039126 0.0120094 0.0092541 0.0103923 0.0033027 0.0086277 0.0090991 0.0044835 0.0106245 0.0090043 0.0088909 0.0053796 0.0106192 0.0091823 0.0107333 0.0106358 0.0107218 0.0088800 0.0108803 0.0039087 0.0065506 0.0048208 0.0034046 0.0055547 0.0087236 0.0057000 0.0057879 0.0103632 0.0087161 0.0089504 0.0088639 0.0091160 0.0101264 0.0116040 0.0090043 0.0102514 0.0119728 0.0090043 0.0120825 0.0090043 0.0091739 0.0118724 0.0062411 0.0082231 0.0087681 0.0130579 0.0032253 0.0087757 0.0086927 0.0087444 0.0121533 0.0157975 0.0086748 0.0107805 0.0064854 0.0042859 0.0086673 0.0086673 0.0086927 0.0087543 0.0047654 0.0047923 0.0059739 0.0278902 0.0111760 0.0124078 0.0213710 0.0109725 0.0096705 0.0068907 0.0147878 0.0217251 0.0106054 0.0034613 0.0116186 0.0071652 0.0096296 0.0092541 0.0119512 0.0076409 
KU174483_Eimeria_apionodes                      0.0277039 0.0337374 0.0327836 0.0054164 0.0156107 0.0054227 0.0054323 0.0199435 0.0054459 0.0000000 0.0054459 0.0080867 0.0054459 0.0054459 0.0055493 0.0054164 0.0086941 0.0043333 0.0043449 0.0054323 0.0065630 0.0076279 0.0040459 0.0054164 0.0076175 0.0043346 0.0076352 0.0076177 0.0076193 0.0126540 0.0144293 0.0021576 0.0232273 0.0156748 0.0110794 0.0214748 0.0155496 0.0155634 0.0054164 0.0077163 0.0043171 0.0144318 0.0144187 0.0098494 0.0076654 0.0076496 0.0169506 0.0167365 0.0055155 0.0054164 0.0054164 0.0054211 0.0065465 0.0085580 0.0054323 0.0054164 0.0054482 0.0054164 0.0054323 0.0054211 0.0036906 0.0055088 0.0057595 0.0054323 0.0054323 0.0025266 0.0133231 0.0070317 0.0203381 0.0179969 0.0227369 0.0168637 0.0179969 0.0314507 0.0419721 0.0179969 0.0276238 0.0239342 0.0168533 0.0190992 0.0024829 0.0022681 0.0043295 0.0021518 0.0090612 0.0043258 0.0267625 0.0044278 0.0065088 0.0130247 0.0053065 0.0132586 0.0164165 0.0150225 0.0150225 0.0123941 0.0178416 0.0079983 0.0150061 0.0164165 0.0066634 0.0117386 0.0150394 0.0060047 0.0066634 0.0056050 0.0093474 0.0163985 0.0129090 0.0081961 0.0129223 0.0057154 0.0141417 0.0150782 0.0053121 0.0164500 0.0130247 0.0141827 0.0044709 0.0133236 0.0128019 0.0056915 0.0150061 0.0126657 0.0125022 0.0068503 0.0144999 0.0129211 0.0151634 0.0150225 0.0151467 0.0124866 0.0148650 0.0053065 0.0080044 0.0060303 0.0046110 0.0067684 0.0122622 0.0069482 0.0070570 0.0141417 0.0122513 0.0125877 0.0124635 0.0128259 0.0138118 0.0154429 0.0126657 0.0139862 0.0163985 0.0126657 0.0165520 0.0126657 0.0129090 0.0158077 0.0076193 0.0126824 0.0123260 0.0185574 0.0043645 0.0123370 0.0122177 0.0122920 0.0166525 0.0196235 0.0121809 0.0158877 0.0076799 0.0054370 0.0121702 0.0121702 0.0122177 0.0101788 0.0060553 0.0060895 0.0072876 0.0403825 0.0152793 0.0165387 0.0322744 0.0149942 0.0136254 0.0113364 0.0189491 0.0328529 0.0149784 0.0046890 0.0159011 0.0118017 0.0135662 0.0130247 0.0163683 0.0126098 
KU174462_Eimeria_apionodes                      0.0216458 0.0299104 0.0348908 0.0044582 0.0174695 0.0036266 0.0036286 0.0086561 0.0000010 0.0054459 0.0000000 0.0063472 0.0000010 0.0000010 0.0036804 0.0036236 0.0047320 0.0028973 0.0029023 0.0036286 0.0021779 0.0035261 0.0000010 0.0036236 0.0058252 0.0036279 0.0050963 0.0058253 0.0055380 0.0076778 0.0149083 0.0051052 0.0207410 0.0150360 0.0300998 0.0180227 0.0172167 0.0172185 0.0043614 0.0036477 0.0050954 0.0149009 0.0149009 0.0043368 0.0028965 0.0126223 0.0120048 0.0188117 0.0036655 0.0037899 0.0072871 0.0036236 0.0053221 0.0064923 0.0036286 0.0036236 0.0036381 0.0037430 0.0042791 0.0037544 0.0024531 0.0037885 0.0037739 0.0036286 0.0036408 0.0012596 0.0088378 0.0038973 0.0157705 0.0181050 0.0245810 0.0173449 0.0173000 0.0278798 0.0400886 0.0181109 0.0228718 0.0228978 0.0157565 0.0180538 0.0036351 0.0031571 0.0028973 0.0037025 0.0066770 0.0028973 0.0207458 0.0029993 0.0043524 0.0077671 0.0038148 0.0064982 0.0086895 0.0077065 0.0077065 0.0058452 0.0096842 0.0058364 0.0077089 0.0097061 0.0047841 0.0068531 0.0077638 0.0044442 0.0047790 0.0037544 0.0067168 0.0086736 0.0079093 0.0028124 0.0076180 0.0038033 0.0084248 0.0105223 0.0038347 0.0087021 0.0073452 0.0085607 0.0029701 0.0065756 0.0076680 0.0037425 0.0077006 0.0078495 0.0074553 0.0051363 0.0088609 0.0076110 0.0082666 0.0077147 0.0077926 0.0083141 0.0078807 0.0038108 0.0063307 0.0048208 0.0031422 0.0044642 0.0073547 0.0060866 0.0046511 0.0084248 0.0081903 0.0075830 0.0075333 0.0076775 0.0085759 0.0094358 0.0075433 0.0084430 0.0086736 0.0076825 0.0094036 0.0076825 0.0076379 0.0095286 0.0055380 0.0062520 0.0074009 0.0109523 0.0030290 0.0074051 0.0073371 0.0073665 0.0093089 0.0120749 0.0073269 0.0082424 0.0051131 0.0036343 0.0073226 0.0073226 0.0073371 0.0064336 0.0038964 0.0039108 0.0046844 0.0135032 0.0136074 0.0096111 0.0148757 0.0093198 0.0078748 0.0057654 0.0111633 0.0104001 0.0077310 0.0039956 0.0110954 0.0066638 0.0081659 0.0079827 0.0096112 0.0069624 
KU174463_Eimeria_apionodes                      0.0326270 0.0445242 0.0400027 0.0000010 0.0223377 0.0000028 0.0000010 0.0056486 0.0063297 0.0080867 0.0063472 0.0000000 0.0063472 0.0058197 0.0000010 0.0000010 0.0047189 0.0037663 0.0000024 0.0000010 0.0076541 0.0076470 0.0020106 0.0000010 0.0025086 0.0037715 0.0025154 0.0025044 0.0012498 0.0102633 0.0141570 0.0037780 0.0223888 0.0156705 0.0215631 0.0210538 0.0195401 0.0208976 0.0000010 0.0089554 0.0050366 0.0182086 0.0182086 0.0114970 0.0102907 0.0129096 0.0184462 0.0210160 0.0000010 0.0000010 0.0045005 0.0000010 0.0015450 0.0014416 0.0000010 0.0000010 0.0000024 0.0000010 0.0000010 0.0000010 0.0000010 0.0000010 0.0000010 0.0000010 0.0000010 0.0000010 0.0129590 0.0040298 0.0224967 0.0197067 0.0280499 0.0210830 0.0183837 0.0341223 0.0418576 0.0197067 0.0224728 0.0239219 0.0197132 0.0196991 0.0037715 0.0037715 0.0037663 0.0037715 0.0000010 0.0037664 0.0164250 0.0037626 0.0012498 0.0102633 0.0037626 0.0089632 0.0089632 0.0102633 0.0102633 0.0089632 0.0102848 0.0012516 0.0102633 0.0102943 0.0000028 0.0089747 0.0102777 0.0037664 0.0000028 0.0000028 0.0025055 0.0089632 0.0102633 0.0076392 0.0089763 0.0037626 0.0102633 0.0102633 0.0037717 0.0102633 0.0102633 0.0102741 0.0037626 0.0089763 0.0102633 0.0000010 0.0102633 0.0102633 0.0102633 0.0000028 0.0102633 0.0102633 0.0102633 0.0102633 0.0102633 0.0102633 0.0102633 0.0037626 0.0012520 0.0000010 0.0037626 0.0012498 0.0102738 0.0025129 0.0012498 0.0102633 0.0117824 0.0102633 0.0102633 0.0102633 0.0089632 0.0089632 0.0102633 0.0089632 0.0089632 0.0102633 0.0089632 0.0102633 0.0102633 0.0102633 0.0012498 0.0118031 0.0103471 0.0124020 0.0037850 0.0102918 0.0102633 0.0102738 0.0090042 0.0102925 0.0102738 0.0102633 0.0025212 0.0000010 0.0102633 0.0102633 0.0102738 0.0025109 0.0000010 0.0000028 0.0012498 0.0189167 0.0127344 0.0089632 0.0207264 0.0089632 0.0102633 0.0105026 0.0102633 0.0209328 0.0102633 0.0050412 0.0106920 0.0102633 0.0102633 0.0102633 0.0089632 0.0102633 
KU174468_Eimeria_apionodes                      0.0216458 0.0299104 0.0347971 0.0044582 0.0176630 0.0037057 0.0037078 0.0089832 0.0000010 0.0054459 0.0000010 0.0063472 0.0000000 0.0000010 0.0037620 0.0037026 0.0047320 0.0029604 0.0029657 0.0037078 0.0022125 0.0035261 0.0000010 0.0037026 0.0052027 0.0037071 0.0052080 0.0059529 0.0055380 0.0076778 0.0152425 0.0044618 0.0212201 0.0153760 0.0308161 0.0184296 0.0176042 0.0176061 0.0044568 0.0037247 0.0052071 0.0152348 0.0152348 0.0036914 0.0029572 0.0113483 0.0122630 0.0176391 0.0037464 0.0037899 0.0072871 0.0037026 0.0053221 0.0064923 0.0037078 0.0037026 0.0037177 0.0037430 0.0042791 0.0037544 0.0024531 0.0037885 0.0038597 0.0037078 0.0037078 0.0012596 0.0090337 0.0040124 0.0161276 0.0176885 0.0234525 0.0169138 0.0168691 0.0276479 0.0401017 0.0176944 0.0225449 0.0225709 0.0152968 0.0176375 0.0036351 0.0031571 0.0029604 0.0037122 0.0066770 0.0029605 0.0207458 0.0030042 0.0044474 0.0078266 0.0038148 0.0064982 0.0086895 0.0077065 0.0077065 0.0058452 0.0096842 0.0058364 0.0077089 0.0097061 0.0047841 0.0070042 0.0077638 0.0044442 0.0047790 0.0037877 0.0067168 0.0086736 0.0079093 0.0028124 0.0077860 0.0038376 0.0085825 0.0105223 0.0038347 0.0087021 0.0073452 0.0085988 0.0030240 0.0065756 0.0077375 0.0038268 0.0077006 0.0078495 0.0076161 0.0051363 0.0088609 0.0077854 0.0082666 0.0077147 0.0077926 0.0076097 0.0078807 0.0038108 0.0063307 0.0048208 0.0031422 0.0045642 0.0075175 0.0062260 0.0046937 0.0085825 0.0081903 0.0076510 0.0076004 0.0077472 0.0085759 0.0094358 0.0076825 0.0085196 0.0086736 0.0076825 0.0094987 0.0076825 0.0077806 0.0095286 0.0055380 0.0062520 0.0075657 0.0109523 0.0030290 0.0075484 0.0074991 0.0075298 0.0093089 0.0123129 0.0074884 0.0084708 0.0052255 0.0037138 0.0074839 0.0074839 0.0074991 0.0065896 0.0039879 0.0040030 0.0047946 0.0135032 0.0136074 0.0098431 0.0155567 0.0093198 0.0080617 0.0057654 0.0114315 0.0108758 0.0077310 0.0039956 0.0110954 0.0066638 0.0081659 0.0079827 0.0096112 0.0069624 
KU174479_Eimeria_apionodes                      0.0223229 0.0299104 0.0280402 0.0040348 0.0156388 0.0040392 0.0040426 0.0142815 0.0000010 0.0054459 0.0000010 0.0058197 0.0000010 0.0000000 0.0041234 0.0040348 0.0056691 0.0030230 0.0030313 0.0040426 0.0010027 0.0040266 0.0000010 0.0040348 0.0060779 0.0030264 0.0060911 0.0060781 0.0058375 0.0084688 0.0123816 0.0030341 0.0204459 0.0124410 0.0114046 0.0166800 0.0134218 0.0144851 0.0040348 0.0040654 0.0050584 0.0123731 0.0123731 0.0040169 0.0040448 0.0061018 0.0125078 0.0145159 0.0041001 0.0040348 0.0072871 0.0040348 0.0053221 0.0064923 0.0040426 0.0040348 0.0040572 0.0040348 0.0040426 0.0040348 0.0024531 0.0040946 0.0042681 0.0040426 0.0040426 0.0012596 0.0092286 0.0047029 0.0156329 0.0134925 0.0178181 0.0124486 0.0134925 0.0257284 0.0352390 0.0134925 0.0222645 0.0189103 0.0124416 0.0145141 0.0034555 0.0031763 0.0030230 0.0030264 0.0064428 0.0030206 0.0208290 0.0030850 0.0050501 0.0086969 0.0036456 0.0079561 0.0111622 0.0099063 0.0099063 0.0074865 0.0124387 0.0061035 0.0098966 0.0124621 0.0048817 0.0075496 0.0099163 0.0044359 0.0048817 0.0041621 0.0073430 0.0111512 0.0086260 0.0037158 0.0086339 0.0042378 0.0097419 0.0099398 0.0036490 0.0111829 0.0086969 0.0097676 0.0031129 0.0079909 0.0085599 0.0042214 0.0098966 0.0084759 0.0083753 0.0050067 0.0099678 0.0086334 0.0099909 0.0099063 0.0099810 0.0083656 0.0101975 0.0036456 0.0061076 0.0048208 0.0032033 0.0052327 0.0082267 0.0064555 0.0054391 0.0097419 0.0082200 0.0084281 0.0083514 0.0085748 0.0095323 0.0109032 0.0084759 0.0096431 0.0111512 0.0084759 0.0112464 0.0084759 0.0086260 0.0111399 0.0058375 0.0076431 0.0082663 0.0119754 0.0030440 0.0082731 0.0081992 0.0082452 0.0113076 0.0148683 0.0081833 0.0099333 0.0061191 0.0040458 0.0081766 0.0081766 0.0081992 0.0081872 0.0044704 0.0044940 0.0056031 0.0221708 0.0136074 0.0116100 0.0172737 0.0102785 0.0090637 0.0064020 0.0138431 0.0175041 0.0098799 0.0032534 0.0108433 0.0066383 0.0090278 0.0086969 0.0111324 0.0070447 
KU174449_Eimeria_apionodes                      0.0247924 0.0332261 0.0368468 0.0007472 0.0169045 0.0000021 0.0000010 0.0036534 0.0043731 0.0055493 0.0036804 0.0000010 0.0037620 0.0041234 0.0000000 0.0000010 0.0035153 0.0021927 0.0000026 0.0000010 0.0059613 0.0063409 0.0013374 0.0000010 0.0021964 0.0029169 0.0021898 0.0021839 0.0009115 0.0100243 0.0142688 0.0043965 0.0206550 0.0183068 0.0261402 0.0190044 0.0166912 0.0166930 0.0007309 0.0059260 0.0044099 0.0143467 0.0143467 0.0081534 0.0066838 0.0135477 0.0129120 0.0198350 0.0000010 0.0000010 0.0031604 0.0000010 0.0010751 0.0012816 0.0000010 0.0000010 0.0000026 0.0000010 0.0000010 0.0000010 0.0000010 0.0000010 0.0000010 0.0000010 0.0000010 0.0000010 0.0119524 0.0028781 0.0167256 0.0190922 0.0264443 0.0198906 0.0182745 0.0290158 0.0404875 0.0190985 0.0239285 0.0239561 0.0182665 0.0182589 0.0027065 0.0023528 0.0021927 0.0029912 0.0000010 0.0021892 0.0163604 0.0022373 0.0007252 0.0109228 0.0028393 0.0086920 0.0106507 0.0116233 0.0116233 0.0078159 0.0116542 0.0009600 0.0116269 0.0116806 0.0000024 0.0099427 0.0117103 0.0035301 0.0000024 0.0000021 0.0018941 0.0106312 0.0111247 0.0065976 0.0091626 0.0030240 0.0115391 0.0140998 0.0028540 0.0126389 0.0110767 0.0117262 0.0022142 0.0087967 0.0107829 0.0000010 0.0116144 0.0110390 0.0104825 0.0000025 0.0121401 0.0107023 0.0124727 0.0116358 0.0117534 0.0113871 0.0114404 0.0028363 0.0010401 0.0000010 0.0023418 0.0007365 0.0104590 0.0022455 0.0007670 0.0115391 0.0125678 0.0106628 0.0105992 0.0107963 0.0101597 0.0110343 0.0106070 0.0100011 0.0106312 0.0108034 0.0111417 0.0108034 0.0107404 0.0130578 0.0009115 0.0104817 0.0112389 0.0137463 0.0022900 0.0104996 0.0104528 0.0104590 0.0114124 0.0128635 0.0104590 0.0118823 0.0014575 0.0000010 0.0103916 0.0103916 0.0104040 0.0023714 0.0000010 0.0000021 0.0007678 0.0174618 0.0148342 0.0111691 0.0207621 0.0110420 0.0110063 0.0104471 0.0143280 0.0162943 0.0116604 0.0031759 0.0133587 0.0105290 0.0114866 0.0112283 0.0113882 0.0110034 
KU174450_Eimeria_apionodes                      0.0243410 0.0323489 0.0361854 0.0007351 0.0166669 0.0000020 0.0000010 0.0036534 0.0042736 0.0054164 0.0036236 0.0000010 0.0037026 0.0040348 0.0000010 0.0000000 0.0035153 0.0021603 0.0000026 0.0000010 0.0058682 0.0062226 0.0013374 0.0000010 0.0021615 0.0028706 0.0021538 0.0021481 0.0009115 0.0100243 0.0140269 0.0043239 0.0206420 0.0172412 0.0256754 0.0186796 0.0164162 0.0164179 0.0007193 0.0058655 0.0043394 0.0141191 0.0141105 0.0080284 0.0065758 0.0133184 0.0126914 0.0194949 0.0000010 0.0000010 0.0030878 0.0000010 0.0010532 0.0012816 0.0000010 0.0000010 0.0000025 0.0000010 0.0000010 0.0000010 0.0000010 0.0000010 0.0000010 0.0000010 0.0000010 0.0000010 0.0110158 0.0028760 0.0164387 0.0187644 0.0259825 0.0195485 0.0179616 0.0285052 0.0406686 0.0187705 0.0235136 0.0235402 0.0179539 0.0187116 0.0027065 0.0023528 0.0021590 0.0029426 0.0000010 0.0021557 0.0163604 0.0022359 0.0007134 0.0101413 0.0028393 0.0076043 0.0096812 0.0106533 0.0106533 0.0068380 0.0106816 0.0009600 0.0106566 0.0107058 0.0000024 0.0091767 0.0107330 0.0035301 0.0000024 0.0000021 0.0018941 0.0096635 0.0103288 0.0056543 0.0083980 0.0030240 0.0107685 0.0132170 0.0028540 0.0116652 0.0101513 0.0109431 0.0022142 0.0076957 0.0100115 0.0000010 0.0106452 0.0102492 0.0097326 0.0000025 0.0113294 0.0099366 0.0114318 0.0106647 0.0107726 0.0106267 0.0105590 0.0028363 0.0010401 0.0000010 0.0023418 0.0007365 0.0096009 0.0022442 0.0007670 0.0107685 0.0113273 0.0098999 0.0098348 0.0100238 0.0093770 0.0102449 0.0098481 0.0092306 0.0096635 0.0100305 0.0102833 0.0100305 0.0099720 0.0121858 0.0009115 0.0094322 0.0096245 0.0123692 0.0022579 0.0096670 0.0095778 0.0096164 0.0103734 0.0143995 0.0095587 0.0109588 0.0014373 0.0000010 0.0094925 0.0094925 0.0095226 0.0023699 0.0000010 0.0000021 0.0007673 0.0155170 0.0135954 0.0103634 0.0192512 0.0101913 0.0102125 0.0092847 0.0135219 0.0147915 0.0106873 0.0031759 0.0122434 0.0095705 0.0106639 0.0104250 0.0105108 0.0100016 
KU174465_Eimeria_apionodes                      0.0329861 0.0573922 0.0473186 0.0035153 0.0248015 0.0035206 0.0035153 0.0067043 0.0063320 0.0086941 0.0047320 0.0047189 0.0047320 0.0056691 0.0035153 0.0035153 0.0000000 0.0000010 0.0023487 0.0035153 0.0059514 0.0105949 0.0029775 0.0035153 0.0047083 0.0023445 0.0047055 0.0046995 0.0052434 0.0108182 0.0195189 0.0047055 0.0261371 0.0224972 0.0427310 0.0261630 0.0247508 0.0273220 0.0035153 0.0071516 0.0023445 0.0234115 0.0234115 0.0095530 0.0071613 0.0183532 0.0198772 0.0261190 0.0035197 0.0035153 0.0119395 0.0035153 0.0082753 0.0056244 0.0035153 0.0035153 0.0035378 0.0035153 0.0041876 0.0035153 0.0027418 0.0035153 0.0035185 0.0035153 0.0035153 0.0000010 0.0120883 0.0000010 0.0262734 0.0275776 0.0345632 0.0262842 0.0236240 0.0431138 0.0569991 0.0275926 0.0275288 0.0317917 0.0223238 0.0248706 0.0025993 0.0023445 0.0000010 0.0023445 0.0045091 0.0000010 0.0184530 0.0000010 0.0046951 0.0108182 0.0000010 0.0116754 0.0107327 0.0093615 0.0093615 0.0107955 0.0121382 0.0053707 0.0093754 0.0121634 0.0039374 0.0096093 0.0094481 0.0000010 0.0039317 0.0035206 0.0065886 0.0107168 0.0108182 0.0063885 0.0120542 0.0000010 0.0108182 0.0133461 0.0000010 0.0093754 0.0101973 0.0108288 0.0000010 0.0118257 0.0108182 0.0035153 0.0093615 0.0108182 0.0108182 0.0042282 0.0108182 0.0108182 0.0102303 0.0093754 0.0094302 0.0108182 0.0090130 0.0000010 0.0045096 0.0070075 0.0000010 0.0046951 0.0108182 0.0071079 0.0046951 0.0108182 0.0134442 0.0108182 0.0108182 0.0108182 0.0120385 0.0120385 0.0108182 0.0120385 0.0107168 0.0108182 0.0120385 0.0108182 0.0108182 0.0103373 0.0052434 0.0118111 0.0108680 0.0138340 0.0000025 0.0108182 0.0108182 0.0108182 0.0117075 0.0108470 0.0108182 0.0108182 0.0059160 0.0035210 0.0108182 0.0108182 0.0108182 0.0046951 0.0035153 0.0035206 0.0046951 0.0174991 0.0192701 0.0120385 0.0167024 0.0121863 0.0108182 0.0115999 0.0108182 0.0150895 0.0094302 0.0011711 0.0153279 0.0110496 0.0108182 0.0108182 0.0120385 0.0110716 
KU174467_Eimeria_apionodes                      0.0234754 0.0311568 0.0356495 0.0029527 0.0159008 0.0021620 0.0021632 0.0061102 0.0032017 0.0043333 0.0028973 0.0037663 0.0029604 0.0030230 0.0021927 0.0021603 0.0000010 0.0000000 0.0014418 0.0021632 0.0051319 0.0071297 0.0013388 0.0021603 0.0043403 0.0021628 0.0036169 0.0043410 0.0036622 0.0092481 0.0148932 0.0036261 0.0207196 0.0166004 0.0283233 0.0195961 0.0156714 0.0172010 0.0028890 0.0051295 0.0036163 0.0148858 0.0148858 0.0072990 0.0058455 0.0126095 0.0127899 0.0187925 0.0021851 0.0022588 0.0062140 0.0021603 0.0042344 0.0051606 0.0021632 0.0021591 0.0021688 0.0022310 0.0025482 0.0022378 0.0012219 0.0022580 0.0022493 0.0021620 0.0021705 0.0000010 0.0103481 0.0000010 0.0173368 0.0196859 0.0253908 0.0189225 0.0188734 0.0295388 0.0418516 0.0196923 0.0244869 0.0245149 0.0173203 0.0196300 0.0018031 0.0015676 0.0000010 0.0022070 0.0039597 0.0000010 0.0184530 0.0000010 0.0028831 0.0093560 0.0000010 0.0087100 0.0106703 0.0096783 0.0096783 0.0078303 0.0116757 0.0038580 0.0096813 0.0117022 0.0028462 0.0084072 0.0097507 0.0008798 0.0028433 0.0022377 0.0047578 0.0106507 0.0095289 0.0047088 0.0091759 0.0007539 0.0099939 0.0123284 0.0000010 0.0106859 0.0092226 0.0101558 0.0000010 0.0088151 0.0092363 0.0022307 0.0096709 0.0094556 0.0089791 0.0030537 0.0105141 0.0091673 0.0103851 0.0096887 0.0097867 0.0098622 0.0096731 0.0000010 0.0041817 0.0035941 0.0000010 0.0029567 0.0088473 0.0045344 0.0030796 0.0099939 0.0102898 0.0091334 0.0090734 0.0092477 0.0101748 0.0110508 0.0090856 0.0100157 0.0106507 0.0092537 0.0111598 0.0092537 0.0091999 0.0113086 0.0036622 0.0083782 0.0096761 0.0137823 0.0000021 0.0089133 0.0088312 0.0088615 0.0114349 0.0136344 0.0088137 0.0101193 0.0036288 0.0021666 0.0088137 0.0088137 0.0088260 0.0047911 0.0023218 0.0023303 0.0031015 0.0174991 0.0148691 0.0112570 0.0179614 0.0110598 0.0094863 0.0081173 0.0128078 0.0134548 0.0097092 0.0007917 0.0133870 0.0086076 0.0098381 0.0096175 0.0114071 0.0089951 
KU174474_Eimeria_apionodes                      0.0235244 0.0312480 0.0357177 0.0007371 0.0159304 0.0000020 0.0000026 0.0000021 0.0032110 0.0043449 0.0029023 0.0000024 0.0029657 0.0030313 0.0000026 0.0000026 0.0023487 0.0014418 0.0000000 0.0000026 0.0051412 0.0062437 0.0013399 0.0000026 0.0021673 0.0021667 0.0014447 0.0021675 0.0009140 0.0092656 0.0134007 0.0036327 0.0199708 0.0166321 0.0259283 0.0180849 0.0157002 0.0157018 0.0007213 0.0051388 0.0036228 0.0133941 0.0133941 0.0073124 0.0058562 0.0111239 0.0120462 0.0172854 0.0000026 0.0000026 0.0031007 0.0000026 0.0010565 0.0012863 0.0000026 0.0000026 0.0000026 0.0000026 0.0000028 0.0000026 0.0000021 0.0000026 0.0000026 0.0000026 0.0000026 0.0000022 0.0103674 0.0019366 0.0158258 0.0181678 0.0254384 0.0189576 0.0173598 0.0279791 0.0402356 0.0181737 0.0229520 0.0229782 0.0173523 0.0181162 0.0018070 0.0015707 0.0014418 0.0022110 0.0000024 0.0014419 0.0143663 0.0014922 0.0007198 0.0093745 0.0018959 0.0065297 0.0087279 0.0097017 0.0097017 0.0058716 0.0097274 0.0009628 0.0097046 0.0097495 0.0000024 0.0084233 0.0097744 0.0026516 0.0000024 0.0000021 0.0018995 0.0087113 0.0095476 0.0047199 0.0076446 0.0022710 0.0100135 0.0123555 0.0019057 0.0107117 0.0092443 0.0101759 0.0014780 0.0066092 0.0092543 0.0000026 0.0096942 0.0094747 0.0089953 0.0000025 0.0105351 0.0091851 0.0104120 0.0097121 0.0098101 0.0098812 0.0096939 0.0018938 0.0010434 0.0000024 0.0015633 0.0007381 0.0088735 0.0022640 0.0007688 0.0100135 0.0103159 0.0091511 0.0090903 0.0092659 0.0086074 0.0094704 0.0091028 0.0084731 0.0087113 0.0092714 0.0094406 0.0092714 0.0092178 0.0113335 0.0009140 0.0083998 0.0089298 0.0110213 0.0015068 0.0089350 0.0088526 0.0088880 0.0093527 0.0136603 0.0088402 0.0101424 0.0014495 0.0000026 0.0088350 0.0088350 0.0088526 0.0023920 0.0000027 0.0000021 0.0007742 0.0135734 0.0123861 0.0096465 0.0179980 0.0093561 0.0095051 0.0081407 0.0128329 0.0134822 0.0097327 0.0023852 0.0111520 0.0086281 0.0098586 0.0096366 0.0096499 0.0090167 
KU174451_Eimeria_apionodes                      0.0243989 0.0324554 0.0364137 0.0007365 0.0166669 0.0000020 0.0000010 0.0036534 0.0042823 0.0054323 0.0036286 0.0000010 0.0037078 0.0040426 0.0000010 0.0000010 0.0035153 0.0021632 0.0000026 0.0000000 0.0058764 0.0062376 0.0013374 0.0000010 0.0021657 0.0028819 0.0014399 0.0021602 0.0009115 0.0100243 0.0141089 0.0043485 0.0206550 0.0173439 0.0258348 0.0187906 0.0164496 0.0164513 0.0007207 0.0058655 0.0043479 0.0141391 0.0141391 0.0080444 0.0065889 0.0118354 0.0127665 0.0179912 0.0000010 0.0000010 0.0030965 0.0000010 0.0010532 0.0012816 0.0000010 0.0000010 0.0000026 0.0000010 0.0000010 0.0000010 0.0000010 0.0000010 0.0000010 0.0000010 0.0000010 0.0000010 0.0110797 0.0028901 0.0165373 0.0188764 0.0261410 0.0196654 0.0180684 0.0286807 0.0409289 0.0188826 0.0236558 0.0236827 0.0180606 0.0188230 0.0027065 0.0023528 0.0021632 0.0029484 0.0000010 0.0021599 0.0163604 0.0022359 0.0007174 0.0101413 0.0028393 0.0076043 0.0096812 0.0106533 0.0106533 0.0068380 0.0106816 0.0009600 0.0106566 0.0107058 0.0000024 0.0091767 0.0107330 0.0035301 0.0000024 0.0000021 0.0018941 0.0096635 0.0103288 0.0056543 0.0083980 0.0030240 0.0107685 0.0132170 0.0028540 0.0116652 0.0101513 0.0109431 0.0022142 0.0076957 0.0100115 0.0000010 0.0106452 0.0102492 0.0097326 0.0000025 0.0113294 0.0099366 0.0114318 0.0106647 0.0107726 0.0106267 0.0105590 0.0028363 0.0010401 0.0000010 0.0023418 0.0007365 0.0096009 0.0022528 0.0007670 0.0107685 0.0113273 0.0098999 0.0098348 0.0100238 0.0093770 0.0102449 0.0098481 0.0092306 0.0096635 0.0100305 0.0102833 0.0100305 0.0099720 0.0121858 0.0009115 0.0094322 0.0096361 0.0123692 0.0022579 0.0096670 0.0095778 0.0096164 0.0103734 0.0143995 0.0095778 0.0110106 0.0014425 0.0000010 0.0095473 0.0095473 0.0095529 0.0023795 0.0000010 0.0000021 0.0007703 0.0155170 0.0135954 0.0104061 0.0194001 0.0101913 0.0102539 0.0092847 0.0135774 0.0149054 0.0106873 0.0031759 0.0122434 0.0095705 0.0106639 0.0104250 0.0105108 0.0100016 
