194
JQ993669_Isospora_sp._ex_Talpa_europaea         0.0000000 0.0067537 0.0135462 0.0242528 0.0253377 0.0243332 0.0243676 0.0367118 0.0236874 0.0276603 0.0216207 0.0325719 0.0216207 0.0222947 0.0247602 0.0243098 0.0329288 0.0234458 0.0234949 0.0243676 0.0225582 0.0252145 0.0209389 0.0243098 0.0260749 0.0233951 0.0261206 0.0260928 0.0253779 0.0260523 0.0224573 0.0234447 0.0295926 0.0358345 0.0584974 0.0224323 0.0242253 0.0251680 0.0242528 0.0244950 0.0251791 0.0225131 0.0224444 0.0233541 0.0233604 0.0224475 0.0207882 0.0252205 0.0237369 0.0243098 0.0285634 0.0243273 0.0270206 0.0274530 0.0243676 0.0243098 0.0235220 0.0243098 0.0252740 0.0243273 0.0232582 0.0246415 0.0245556 0.0243676 0.0243676 0.0196688 0.0280014 0.0284899 0.0232726 0.0216059 0.0271637 0.0207349 0.0215583 0.0318955 0.0449758 0.0216140 0.0261551 0.0271419 0.0206647 0.0215375 0.0231682 0.0234751 0.0234290 0.0233951 0.0343838 0.0234072 0.0345090 0.0238514 0.0251444 0.0255652 0.0242246 0.0273613 0.0284789 0.0274295 0.0274295 0.0245089 0.0295616 0.0266418 0.0274070 0.0296321 0.0253187 0.0264234 0.0275911 0.0234512 0.0253187 0.0249832 0.0274014 0.0284556 0.0263777 0.0224179 0.0263718 0.0243893 0.0273729 0.0275043 0.0243593 0.0285207 0.0269100 0.0274347 0.0240361 0.0277054 0.0271962 0.0252865 0.0274070 0.0269722 0.0266992 0.0260162 0.0259338 0.0263971 0.0282057 0.0274295 0.0265428 0.0266733 0.0264297 0.0242246 0.0290362 0.0281355 0.0236447 0.0260026 0.0262968 0.0265347 0.0239141 0.0273729 0.0279366 0.0268418 0.0266332 0.0262473 0.0278601 0.0284571 0.0269722 0.0281326 0.0284556 0.0269722 0.0275960 0.0269722 0.0263777 0.0269860 0.0253779 0.0262418 0.0255777 0.0364463 0.0235797 0.0264223 0.0262222 0.0263470 0.0293186 0.0324058 0.0261598 0.0283170 0.0263064 0.0244133 0.0261414 0.0261414 0.0262222 0.0273598 0.0235259 0.0236291 0.0245191 0.0274140 0.0337254 0.0279292 0.0243498 0.0266047 0.0254883 0.0280207 0.0296882 0.0245390 0.0273698 0.0210381 0.0327309 0.0247077 0.0254035 0.0255652 0.0284169 0.0259148 
JQ993670_Isospora_sp._ex_Talpa_europaea         0.0067537 0.0000000 0.0138200 0.0322900 0.0364249 0.0323318 0.0323960 0.0735488 0.0298583 0.0336715 0.0298583 0.0444174 0.0298583 0.0298583 0.0331642 0.0322900 0.0572148 0.0311010 0.0311921 0.0323960 0.0311912 0.0336453 0.0209928 0.0322900 0.0348500 0.0311080 0.0349333 0.0348468 0.0352664 0.0365397 0.0350373 0.0311989 0.0456417 0.0391234 0.0419140 0.0337717 0.0362684 0.0363042 0.0322900 0.0353394 0.0335975 0.0350448 0.0350093 0.0335516 0.0337095 0.0336353 0.0326298 0.0376566 0.0329000 0.0322900 0.0322900 0.0323223 0.0337463 0.0401375 0.0323960 0.0322900 0.0312400 0.0322900 0.0323960 0.0323223 0.0246633 0.0329000 0.0331317 0.0323960 0.0323960 0.0197164 0.0363555 0.0445727 0.0348760 0.0300061 0.0339283 0.0287928 0.0325094 0.0446686 0.0517419 0.0300061 0.0377575 0.0364975 0.0312699 0.0311659 0.0319278 0.0315665 0.0310699 0.0311080 0.0482421 0.0310397 0.0590278 0.0318470 0.0335337 0.0347987 0.0340646 0.0392508 0.0406726 0.0390971 0.0390971 0.0364296 0.0423173 0.0372153 0.0390492 0.0406726 0.0357217 0.0332961 0.0391466 0.0318277 0.0357217 0.0335342 0.0387719 0.0406225 0.0358946 0.0316082 0.0345975 0.0328516 0.0373414 0.0392535 0.0341053 0.0407597 0.0347987 0.0374616 0.0321913 0.0394613 0.0370031 0.0341041 0.0390492 0.0365772 0.0360586 0.0368314 0.0355130 0.0359321 0.0394962 0.0390971 0.0394472 0.0360102 0.0364824 0.0340646 0.0372435 0.0337983 0.0318874 0.0350166 0.0353051 0.0346030 0.0324000 0.0373414 0.0352701 0.0363280 0.0359346 0.0356464 0.0378172 0.0389630 0.0365772 0.0383364 0.0406225 0.0365772 0.0410370 0.0365772 0.0358946 0.0370732 0.0352664 0.0355677 0.0355034 0.0494281 0.0300875 0.0355379 0.0351666 0.0353986 0.0412602 0.0442178 0.0350503 0.0444434 0.0351272 0.0324276 0.0350158 0.0350158 0.0351666 0.0381455 0.0321243 0.0323233 0.0335649 0.0768137 0.0375935 0.0389410 0.0629580 0.0368284 0.0351363 0.0360374 0.0413872 0.0643637 0.0389715 0.0297066 0.0392772 0.0376770 0.0349683 0.0347987 0.0405417 0.0405566 
JQ993671_Isospora_sp._ex_Talpa_europaea         0.0135462 0.0138200 0.0000000 0.0360220 0.0352378 0.0363939 0.0364415 0.0511635 0.0285852 0.0327210 0.0348222 0.0399195 0.0347292 0.0279950 0.0367726 0.0361137 0.0471991 0.0355791 0.0356471 0.0363408 0.0360048 0.0365592 0.0270267 0.0363627 0.0381779 0.0347590 0.0380897 0.0371889 0.0347189 0.0393173 0.0316950 0.0340159 0.0387502 0.0461378 0.0660402 0.0299048 0.0332537 0.0340968 0.0366341 0.0376182 0.0374980 0.0321836 0.0320941 0.0390094 0.0367513 0.0348548 0.0313632 0.0364989 0.0368459 0.0352280 0.0333965 0.0363868 0.0319545 0.0333746 0.0364415 0.0363627 0.0354073 0.0357219 0.0331461 0.0357936 0.0260949 0.0361773 0.0371034 0.0364415 0.0365758 0.0253616 0.0390775 0.0429879 0.0352142 0.0283779 0.0366066 0.0276236 0.0283241 0.0399264 0.0532740 0.0283872 0.0323546 0.0340148 0.0275426 0.0291258 0.0321978 0.0350151 0.0355555 0.0368400 0.0438725 0.0354650 0.0414645 0.0369425 0.0363320 0.0388718 0.0327643 0.0388901 0.0396409 0.0385087 0.0385087 0.0368747 0.0408098 0.0344592 0.0385194 0.0409098 0.0339026 0.0381171 0.0388181 0.0323936 0.0338649 0.0378178 0.0360631 0.0395626 0.0375171 0.0346212 0.0389596 0.0374180 0.0400556 0.0418085 0.0329494 0.0396997 0.0376953 0.0407594 0.0365536 0.0393940 0.0402277 0.0376864 0.0384760 0.0381735 0.0390146 0.0354317 0.0372411 0.0389588 0.0403648 0.0385521 0.0389663 0.0404220 0.0388820 0.0327278 0.0376219 0.0337670 0.0348396 0.0382565 0.0384451 0.0394140 0.0372002 0.0400556 0.0362889 0.0397436 0.0394587 0.0393325 0.0387305 0.0410765 0.0395218 0.0411053 0.0395626 0.0393442 0.0420202 0.0393442 0.0391099 0.0402960 0.0347189 0.0384297 0.0377000 0.0481192 0.0343996 0.0387302 0.0383461 0.0385120 0.0415259 0.0444419 0.0382624 0.0395494 0.0371251 0.0362216 0.0379411 0.0379411 0.0380733 0.0407250 0.0365818 0.0367227 0.0374841 0.0488370 0.0410939 0.0409190 0.0454754 0.0393115 0.0385299 0.0389436 0.0424126 0.0424047 0.0386392 0.0325561 0.0433484 0.0381970 0.0369108 0.0369247 0.0395713 0.0400568 
JQ993665_Eimeria_nafuko                         0.0242528 0.0322900 0.0360220 0.0000000 0.0176609 0.0007356 0.0007365 0.0050800 0.0042725 0.0054147 0.0044571 0.0000010 0.0044571 0.0040338 0.0007472 0.0007350 0.0035149 0.0029524 0.0007371 0.0007365 0.0052180 0.0062204 0.0013373 0.0007350 0.0021925 0.0021916 0.0021945 0.0029266 0.0009115 0.0108267 0.0150864 0.0044050 0.0220260 0.0183811 0.0270311 0.0198482 0.0174212 0.0174230 0.0007282 0.0067593 0.0051404 0.0152351 0.0151944 0.0082199 0.0074183 0.0112349 0.0137047 0.0174549 0.0007441 0.0000010 0.0030871 0.0007355 0.0010531 0.0012815 0.0007365 0.0007350 0.0007380 0.0000010 0.0000010 0.0000010 0.0000010 0.0000010 0.0007665 0.0007365 0.0007365 0.0000010 0.0120051 0.0039977 0.0167456 0.0191129 0.0264649 0.0199117 0.0182959 0.0290339 0.0423604 0.0191193 0.0239501 0.0239767 0.0182880 0.0190594 0.0027062 0.0023526 0.0029506 0.0036650 0.0000010 0.0029483 0.0163457 0.0029960 0.0014578 0.0110379 0.0028391 0.0076010 0.0096762 0.0106474 0.0106474 0.0068354 0.0106753 0.0009600 0.0106507 0.0106994 0.0000024 0.0101923 0.0107270 0.0035296 0.0000024 0.0007523 0.0018941 0.0096584 0.0103231 0.0056528 0.0093921 0.0038265 0.0117897 0.0132074 0.0028538 0.0116579 0.0101458 0.0118122 0.0030156 0.0076923 0.0109116 0.0007600 0.0106393 0.0102434 0.0107390 0.0000025 0.0113224 0.0109794 0.0114251 0.0106588 0.0107667 0.0107301 0.0105529 0.0028361 0.0010401 0.0000010 0.0023416 0.0015107 0.0105993 0.0030904 0.0015533 0.0117897 0.0113200 0.0107885 0.0107168 0.0109252 0.0093721 0.0110369 0.0108334 0.0101205 0.0096584 0.0108334 0.0112903 0.0108334 0.0109735 0.0121772 0.0009115 0.0094274 0.0106680 0.0123594 0.0022578 0.0106432 0.0105731 0.0106168 0.0103676 0.0154979 0.0105514 0.0123441 0.0022240 0.0007377 0.0105451 0.0105451 0.0105731 0.0032695 0.0007918 0.0007947 0.0015865 0.0155016 0.0135851 0.0115457 0.0204769 0.0101856 0.0113722 0.0092798 0.0148067 0.0173490 0.0106814 0.0031755 0.0122347 0.0095655 0.0106579 0.0104191 0.0105047 0.0099961 
JQ993659_Eimeria_alorani                        0.0253377 0.0364249 0.0352378 0.0176609 0.0000000 0.0166653 0.0166514 0.0290398 0.0154232 0.0155971 0.0174523 0.0223130 0.0176455 0.0156243 0.0168887 0.0166514 0.0247680 0.0158864 0.0159160 0.0166514 0.0198382 0.0211707 0.0067466 0.0166514 0.0182321 0.0182240 0.0182491 0.0190126 0.0170224 0.0213749 0.0066569 0.0198621 0.0098227 0.0290383 0.0455435 0.0111891 0.0029296 0.0044037 0.0174614 0.0182742 0.0198067 0.0021916 0.0021916 0.0221738 0.0190290 0.0089399 0.0097850 0.0044116 0.0168179 0.0172440 0.0170882 0.0166514 0.0152675 0.0172950 0.0166514 0.0166514 0.0167200 0.0170234 0.0158097 0.0170769 0.0087143 0.0172008 0.0165090 0.0166514 0.0166514 0.0063681 0.0222907 0.0205399 0.0150937 0.0112390 0.0207141 0.0120087 0.0119785 0.0223444 0.0342828 0.0112426 0.0159005 0.0159175 0.0119734 0.0112080 0.0167965 0.0179365 0.0158864 0.0184020 0.0235113 0.0158867 0.0059792 0.0162453 0.0174243 0.0207796 0.0156468 0.0224338 0.0229059 0.0239096 0.0239096 0.0201073 0.0239736 0.0179607 0.0239165 0.0240297 0.0166801 0.0197921 0.0240936 0.0154686 0.0166621 0.0170423 0.0186955 0.0228627 0.0211694 0.0204850 0.0189679 0.0164474 0.0214284 0.0253436 0.0157308 0.0249982 0.0227570 0.0216206 0.0162010 0.0227116 0.0213467 0.0171854 0.0238905 0.0218671 0.0209604 0.0179396 0.0223991 0.0205911 0.0257083 0.0239357 0.0241840 0.0218095 0.0245254 0.0156299 0.0195273 0.0122305 0.0161923 0.0178549 0.0206840 0.0190198 0.0175681 0.0214284 0.0221847 0.0211033 0.0209604 0.0205335 0.0208643 0.0209956 0.0211469 0.0205324 0.0228627 0.0213885 0.0219987 0.0213885 0.0205781 0.0260446 0.0170224 0.0237707 0.0200251 0.0299888 0.0164099 0.0207703 0.0206326 0.0207185 0.0245920 0.0258781 0.0206452 0.0240158 0.0174633 0.0166685 0.0206326 0.0206326 0.0206452 0.0201501 0.0170666 0.0171314 0.0179129 0.0411902 0.0267754 0.0216610 0.0367068 0.0217952 0.0213335 0.0252222 0.0249283 0.0318916 0.0239877 0.0155614 0.0264053 0.0226733 0.0218746 0.0213719 0.0224975 0.0237263 
KU174470_Eimeria_apionodes                      0.0243332 0.0323318 0.0363939 0.0007356 0.0166653 0.0000000 0.0000020 0.0036573 0.0042775 0.0054211 0.0036258 0.0000028 0.0037049 0.0040382 0.0000021 0.0000020 0.0035202 0.0021619 0.0000020 0.0000020 0.0058711 0.0062262 0.0013373 0.0000020 0.0021631 0.0028850 0.0014416 0.0021631 0.0009124 0.0100277 0.0141190 0.0043532 0.0207061 0.0173497 0.0258277 0.0187984 0.0164152 0.0164169 0.0007198 0.0058684 0.0043413 0.0141206 0.0141120 0.0080320 0.0065785 0.0118448 0.0127752 0.0179990 0.0000020 0.0000021 0.0030913 0.0000020 0.0010543 0.0012833 0.0000020 0.0000020 0.0000020 0.0000021 0.0000022 0.0000021 0.0000010 0.0000021 0.0000021 0.0000020 0.0000020 0.0000010 0.0110888 0.0029024 0.0165445 0.0188826 0.0261410 0.0196714 0.0180759 0.0286758 0.0399780 0.0188888 0.0236589 0.0236849 0.0180682 0.0188303 0.0027089 0.0023542 0.0021606 0.0029441 0.0000028 0.0021606 0.0163826 0.0022375 0.0007183 0.0101450 0.0028421 0.0076100 0.0096867 0.0106591 0.0106591 0.0068432 0.0106869 0.0009611 0.0106624 0.0107112 0.0000024 0.0091800 0.0107389 0.0035331 0.0000024 0.0000021 0.0009469 0.0096689 0.0103319 0.0056589 0.0084007 0.0030262 0.0107718 0.0132207 0.0028568 0.0116707 0.0101569 0.0109464 0.0022159 0.0077018 0.0100149 0.0000021 0.0106509 0.0102532 0.0097358 0.0000025 0.0113324 0.0099401 0.0114385 0.0106705 0.0107790 0.0106297 0.0105636 0.0028391 0.0010413 0.0000010 0.0023432 0.0007371 0.0096038 0.0022604 0.0007676 0.0107718 0.0113329 0.0099035 0.0098381 0.0100275 0.0093800 0.0102482 0.0098513 0.0092339 0.0096689 0.0100339 0.0102874 0.0100339 0.0099755 0.0121897 0.0009124 0.0094384 0.0096642 0.0123780 0.0022596 0.0096699 0.0095807 0.0096193 0.0103789 0.0144003 0.0095616 0.0110506 0.0014471 0.0000020 0.0095560 0.0095560 0.0095807 0.0023880 0.0000021 0.0000021 0.0007731 0.0155340 0.0136037 0.0104388 0.0195143 0.0101954 0.0102861 0.0092917 0.0136176 0.0149953 0.0106932 0.0031784 0.0122497 0.0095757 0.0106685 0.0104282 0.0105151 0.0100073 
KU174461_Eimeria_apionodes                      0.0243676 0.0323960 0.0364415 0.0007365 0.0166514 0.0000020 0.0000000 0.0036523 0.0042812 0.0054307 0.0036278 0.0000010 0.0037070 0.0040416 0.0000010 0.0000010 0.0035149 0.0021631 0.0000026 0.0000010 0.0058745 0.0062355 0.0013373 0.0000010 0.0021655 0.0028889 0.0014434 0.0021656 0.0009115 0.0100187 0.0141351 0.0043588 0.0206887 0.0173709 0.0258608 0.0188214 0.0164351 0.0164367 0.0007206 0.0058636 0.0043470 0.0141281 0.0141281 0.0080413 0.0065862 0.0118585 0.0127908 0.0180210 0.0000010 0.0000010 0.0030958 0.0000010 0.0010531 0.0012815 0.0000010 0.0000010 0.0000026 0.0000010 0.0000010 0.0000010 0.0000010 0.0000010 0.0000010 0.0000010 0.0000010 0.0000010 0.0111016 0.0028998 0.0165647 0.0189058 0.0261740 0.0196956 0.0180981 0.0287126 0.0409506 0.0189120 0.0236884 0.0237145 0.0180903 0.0188533 0.0027062 0.0023526 0.0021631 0.0029479 0.0000010 0.0021631 0.0163457 0.0022358 0.0007192 0.0101355 0.0028391 0.0076010 0.0096762 0.0106474 0.0106474 0.0068354 0.0106753 0.0009600 0.0106507 0.0106994 0.0000024 0.0091722 0.0107270 0.0035296 0.0000024 0.0000021 0.0018941 0.0096584 0.0103231 0.0056528 0.0083937 0.0030236 0.0107619 0.0132074 0.0028538 0.0116579 0.0101458 0.0109362 0.0022140 0.0076923 0.0100059 0.0000010 0.0106393 0.0102434 0.0097273 0.0000025 0.0113224 0.0099311 0.0114251 0.0106588 0.0107667 0.0106202 0.0105529 0.0028361 0.0010401 0.0000010 0.0023416 0.0007365 0.0095957 0.0022585 0.0007670 0.0107619 0.0113200 0.0098944 0.0098294 0.0100182 0.0093721 0.0102387 0.0098426 0.0092257 0.0096584 0.0100248 0.0102773 0.0100248 0.0099664 0.0121772 0.0009115 0.0094274 0.0096563 0.0123594 0.0022578 0.0096617 0.0095726 0.0096112 0.0103676 0.0143878 0.0095726 0.0110392 0.0014461 0.0000010 0.0095670 0.0095670 0.0095726 0.0023859 0.0000010 0.0000021 0.0007724 0.0155016 0.0135851 0.0104293 0.0194820 0.0101856 0.0102768 0.0092798 0.0136050 0.0149704 0.0106814 0.0031755 0.0122347 0.0095655 0.0106579 0.0104191 0.0105047 0.0099961 
KU174464_Eimeria_apionodes                      0.0367118 0.0735488 0.0511635 0.0050800 0.0290398 0.0036573 0.0036523 0.0000000 0.0164329 0.0199175 0.0086508 0.0056461 0.0089775 0.0142672 0.0036523 0.0036523 0.0067017 0.0061079 0.0000021 0.0036523 0.0126137 0.0162475 0.0129659 0.0036523 0.0061257 0.0061079 0.0048882 0.0048835 0.0060745 0.0156485 0.0202991 0.0098771 0.0285025 0.0274473 0.0445181 0.0272215 0.0284183 0.0270900 0.0048941 0.0112217 0.0073738 0.0243520 0.0243520 0.0149964 0.0112215 0.0230668 0.0234232 0.0299245 0.0036573 0.0039431 0.0150639 0.0036523 0.0105534 0.0069931 0.0036523 0.0036523 0.0036769 0.0038593 0.0049029 0.0038795 0.0076461 0.0038661 0.0036558 0.0036523 0.0036729 0.0087181 0.0164208 0.0061079 0.0301436 0.0301565 0.0417498 0.0315263 0.0287054 0.0479497 0.0626711 0.0301738 0.0301023 0.0345959 0.0286743 0.0273100 0.0075682 0.0066596 0.0061079 0.0076162 0.0053491 0.0061140 0.0242328 0.0063184 0.0048773 0.0154515 0.0076231 0.0155245 0.0140643 0.0156356 0.0156356 0.0141602 0.0157213 0.0062460 0.0156626 0.0157594 0.0045628 0.0138251 0.0158048 0.0076516 0.0045551 0.0037381 0.0076387 0.0140401 0.0160880 0.0118649 0.0138274 0.0062431 0.0151739 0.0187947 0.0076777 0.0156626 0.0172929 0.0155498 0.0061486 0.0157618 0.0154133 0.0036523 0.0156356 0.0162342 0.0150911 0.0049578 0.0160536 0.0150702 0.0173590 0.0156626 0.0157695 0.0167555 0.0149604 0.0076102 0.0053491 0.0092679 0.0065224 0.0048773 0.0150702 0.0073851 0.0049850 0.0151739 0.0242498 0.0154133 0.0154133 0.0154133 0.0146860 0.0143778 0.0151739 0.0141020 0.0140401 0.0156485 0.0141020 0.0156485 0.0151739 0.0165223 0.0060745 0.0193219 0.0151434 0.0190370 0.0065744 0.0151426 0.0150702 0.0150702 0.0155757 0.0151849 0.0150702 0.0150702 0.0061475 0.0036584 0.0150702 0.0150702 0.0150702 0.0048773 0.0036523 0.0036573 0.0048773 0.0155787 0.0276581 0.0137886 0.0195568 0.0153798 0.0150702 0.0201938 0.0150702 0.0150280 0.0157695 0.0078998 0.0207576 0.0169869 0.0160536 0.0161750 0.0147332 0.0170260 
KU174480_Eimeria_apionodes                      0.0236874 0.0298583 0.0285852 0.0042725 0.0154232 0.0042775 0.0042812 0.0164329 0.0000000 0.0054437 0.0000010 0.0063276 0.0000010 0.0000010 0.0043720 0.0042725 0.0063292 0.0032010 0.0032103 0.0042812 0.0010616 0.0042635 0.0000010 0.0042725 0.0064371 0.0032046 0.0064513 0.0064373 0.0062390 0.0089913 0.0131220 0.0032132 0.0216960 0.0131876 0.0120905 0.0176852 0.0142243 0.0142368 0.0042725 0.0043078 0.0053569 0.0131124 0.0131124 0.0042528 0.0042835 0.0064634 0.0132639 0.0153866 0.0043458 0.0042725 0.0042725 0.0042725 0.0053735 0.0069925 0.0042812 0.0042725 0.0042977 0.0042725 0.0042812 0.0042725 0.0024529 0.0043395 0.0045350 0.0042812 0.0042812 0.0012595 0.0097783 0.0051484 0.0165745 0.0143033 0.0188964 0.0131967 0.0143033 0.0273102 0.0374487 0.0143033 0.0236220 0.0200558 0.0131889 0.0153853 0.0036899 0.0033732 0.0032010 0.0032046 0.0070712 0.0031983 0.0235135 0.0032706 0.0053478 0.0092489 0.0039077 0.0085822 0.0119774 0.0106291 0.0106291 0.0080384 0.0133487 0.0065439 0.0106179 0.0133758 0.0052341 0.0080255 0.0106406 0.0047247 0.0052341 0.0044155 0.0078655 0.0119648 0.0091688 0.0039885 0.0091775 0.0045006 0.0103566 0.0106677 0.0039116 0.0120007 0.0092489 0.0103856 0.0033020 0.0086233 0.0090941 0.0044824 0.0106179 0.0089993 0.0088861 0.0053781 0.0106122 0.0091772 0.0107266 0.0106291 0.0107152 0.0088752 0.0108731 0.0039077 0.0065485 0.0048194 0.0034038 0.0055530 0.0087190 0.0056983 0.0057861 0.0103566 0.0087115 0.0089455 0.0088592 0.0091110 0.0101205 0.0115960 0.0089993 0.0102454 0.0119648 0.0089993 0.0120745 0.0089993 0.0091688 0.0118636 0.0062390 0.0082186 0.0087634 0.0130472 0.0032246 0.0087711 0.0086880 0.0087397 0.0121451 0.0157826 0.0086701 0.0107727 0.0064830 0.0042848 0.0086627 0.0086627 0.0086880 0.0087498 0.0047642 0.0047910 0.0059721 0.0278393 0.0111691 0.0123990 0.0213370 0.0109658 0.0096650 0.0068875 0.0147740 0.0216898 0.0105987 0.0034605 0.0116110 0.0071618 0.0096242 0.0092489 0.0119432 0.0076370 
KU174483_Eimeria_apionodes                      0.0276603 0.0336715 0.0327210 0.0054147 0.0155971 0.0054211 0.0054307 0.0199175 0.0054437 0.0000000 0.0054437 0.0080834 0.0054437 0.0054437 0.0055476 0.0054147 0.0086893 0.0043321 0.0043438 0.0054307 0.0065599 0.0076248 0.0040449 0.0054147 0.0076147 0.0043332 0.0076316 0.0076149 0.0076163 0.0126440 0.0144174 0.0021573 0.0231987 0.0156590 0.0110725 0.0214495 0.0155361 0.0155499 0.0054147 0.0077127 0.0043162 0.0144198 0.0144067 0.0098441 0.0076614 0.0076461 0.0169338 0.0167207 0.0055138 0.0054147 0.0054147 0.0054195 0.0065440 0.0085539 0.0054307 0.0054147 0.0054467 0.0054147 0.0054307 0.0054195 0.0036898 0.0055071 0.0057576 0.0054307 0.0054307 0.0025262 0.0133119 0.0070288 0.0203139 0.0179776 0.0227082 0.0168462 0.0179776 0.0313958 0.0418772 0.0179776 0.0275812 0.0239020 0.0168359 0.0190789 0.0024826 0.0022678 0.0043283 0.0021515 0.0090569 0.0043246 0.0267223 0.0044266 0.0065066 0.0130142 0.0053049 0.0132477 0.0164008 0.0150088 0.0150088 0.0123847 0.0178228 0.0079952 0.0149925 0.0164008 0.0066611 0.0117302 0.0150257 0.0060024 0.0066611 0.0056033 0.0093432 0.0163830 0.0128987 0.0081920 0.0129121 0.0057133 0.0141292 0.0150646 0.0053105 0.0164335 0.0130142 0.0141701 0.0044697 0.0133127 0.0127918 0.0056898 0.0149925 0.0126556 0.0124925 0.0068479 0.0144868 0.0129108 0.0151496 0.0150088 0.0151330 0.0124769 0.0148515 0.0053049 0.0080013 0.0060283 0.0046097 0.0067660 0.0122528 0.0069458 0.0070545 0.0141292 0.0122419 0.0125779 0.0124539 0.0128158 0.0138004 0.0154285 0.0126556 0.0139747 0.0163830 0.0126556 0.0165363 0.0126556 0.0128987 0.0157920 0.0076163 0.0126718 0.0123165 0.0185357 0.0043633 0.0123275 0.0122084 0.0122826 0.0166364 0.0196004 0.0121717 0.0158710 0.0076766 0.0054353 0.0121610 0.0121610 0.0122084 0.0101730 0.0060534 0.0060878 0.0072849 0.0402800 0.0152658 0.0165226 0.0322026 0.0149812 0.0136141 0.0113279 0.0189265 0.0327783 0.0149648 0.0046876 0.0158862 0.0117926 0.0135551 0.0130142 0.0163527 0.0125993 
KU174462_Eimeria_apionodes                      0.0216207 0.0298583 0.0348222 0.0044571 0.0174523 0.0036258 0.0036278 0.0086508 0.0000010 0.0054437 0.0000000 0.0063451 0.0000010 0.0000010 0.0036796 0.0036228 0.0047306 0.0028967 0.0029017 0.0036278 0.0021776 0.0035257 0.0000010 0.0036228 0.0058235 0.0036269 0.0050946 0.0058236 0.0055365 0.0076743 0.0148959 0.0051035 0.0207182 0.0150209 0.0300414 0.0180056 0.0172006 0.0172023 0.0043602 0.0036469 0.0050937 0.0148885 0.0148885 0.0043360 0.0028960 0.0126131 0.0119964 0.0187919 0.0036647 0.0037891 0.0072838 0.0036228 0.0053203 0.0064898 0.0036278 0.0036228 0.0036373 0.0037422 0.0042781 0.0037536 0.0024529 0.0037877 0.0037731 0.0036278 0.0036400 0.0012595 0.0088330 0.0038963 0.0157557 0.0180860 0.0245470 0.0173271 0.0172834 0.0278367 0.0400000 0.0180920 0.0228434 0.0228684 0.0157422 0.0180360 0.0036342 0.0031564 0.0028967 0.0037014 0.0066746 0.0028967 0.0207209 0.0029987 0.0043513 0.0077635 0.0038140 0.0064958 0.0086856 0.0077033 0.0077033 0.0058434 0.0096792 0.0058348 0.0077057 0.0097010 0.0047830 0.0068504 0.0077606 0.0044430 0.0047779 0.0037535 0.0067147 0.0086697 0.0079058 0.0028120 0.0076146 0.0038023 0.0084205 0.0105160 0.0038339 0.0086979 0.0073422 0.0085563 0.0029695 0.0065732 0.0076646 0.0037416 0.0076975 0.0078460 0.0074520 0.0051350 0.0088564 0.0076076 0.0082629 0.0077115 0.0077894 0.0083100 0.0078771 0.0038100 0.0063287 0.0048194 0.0031416 0.0044631 0.0073515 0.0060843 0.0046499 0.0084205 0.0081862 0.0075796 0.0075299 0.0076740 0.0085719 0.0094307 0.0075399 0.0084390 0.0086697 0.0076790 0.0093988 0.0076790 0.0076345 0.0095230 0.0055365 0.0062497 0.0073977 0.0109448 0.0030284 0.0074019 0.0073339 0.0073633 0.0093045 0.0120663 0.0073237 0.0082381 0.0051116 0.0036335 0.0073194 0.0073194 0.0073339 0.0064311 0.0038955 0.0039099 0.0046832 0.0134919 0.0135972 0.0096059 0.0148631 0.0093152 0.0078712 0.0057633 0.0111556 0.0103926 0.0077278 0.0039945 0.0110885 0.0066612 0.0081623 0.0079791 0.0096062 0.0069595 
KU174463_Eimeria_apionodes                      0.0325719 0.0444174 0.0399195 0.0000010 0.0223130 0.0000028 0.0000010 0.0056461 0.0063276 0.0080834 0.0063451 0.0000000 0.0063451 0.0058179 0.0000010 0.0000010 0.0047182 0.0037660 0.0000024 0.0000010 0.0076508 0.0076437 0.0020105 0.0000010 0.0025085 0.0037709 0.0025149 0.0025043 0.0012498 0.0102574 0.0141481 0.0037774 0.0223656 0.0156555 0.0215332 0.0210317 0.0195223 0.0208776 0.0000010 0.0089512 0.0050357 0.0181929 0.0181929 0.0114913 0.0102843 0.0129013 0.0184282 0.0209939 0.0000010 0.0000010 0.0044992 0.0000010 0.0015448 0.0014414 0.0000010 0.0000010 0.0000024 0.0000010 0.0000010 0.0000010 0.0000010 0.0000010 0.0000010 0.0000010 0.0000010 0.0000010 0.0129490 0.0040294 0.0224698 0.0196869 0.0280115 0.0210609 0.0183660 0.0340628 0.0417671 0.0196869 0.0224471 0.0238924 0.0196934 0.0196792 0.0037709 0.0037709 0.0037660 0.0037709 0.0000010 0.0037661 0.0164103 0.0037623 0.0012498 0.0102574 0.0037623 0.0089584 0.0089584 0.0102574 0.0102574 0.0089584 0.0102783 0.0012516 0.0102574 0.0102879 0.0000028 0.0089705 0.0102718 0.0037661 0.0000028 0.0000028 0.0025054 0.0089584 0.0102574 0.0076363 0.0089715 0.0037623 0.0102574 0.0102574 0.0037714 0.0102574 0.0102574 0.0102682 0.0037623 0.0089715 0.0102574 0.0000010 0.0102574 0.0102574 0.0102574 0.0000028 0.0102574 0.0102574 0.0102574 0.0102574 0.0102574 0.0102574 0.0102574 0.0037623 0.0012520 0.0000010 0.0037623 0.0012498 0.0102679 0.0025127 0.0012498 0.0102574 0.0117743 0.0102574 0.0102574 0.0102574 0.0089584 0.0089584 0.0102574 0.0089584 0.0089584 0.0102574 0.0089584 0.0102574 0.0102574 0.0102574 0.0012498 0.0117952 0.0103412 0.0123921 0.0037847 0.0102859 0.0102574 0.0102679 0.0089994 0.0102867 0.0102679 0.0102574 0.0025209 0.0000010 0.0102574 0.0102574 0.0102679 0.0025106 0.0000010 0.0000028 0.0012498 0.0188935 0.0127250 0.0089584 0.0207000 0.0089584 0.0102574 0.0104964 0.0102574 0.0209058 0.0102574 0.0050403 0.0106851 0.0102574 0.0102574 0.0102574 0.0089584 0.0102574 
KU174468_Eimeria_apionodes                      0.0216207 0.0298583 0.0347292 0.0044571 0.0176455 0.0037049 0.0037070 0.0089775 0.0000010 0.0054437 0.0000010 0.0063451 0.0000000 0.0000010 0.0037611 0.0037018 0.0047306 0.0029598 0.0029651 0.0037070 0.0022122 0.0035257 0.0000010 0.0037018 0.0052012 0.0037061 0.0052062 0.0059511 0.0055365 0.0076743 0.0152296 0.0044605 0.0211963 0.0153603 0.0307551 0.0184117 0.0175874 0.0175892 0.0044556 0.0037239 0.0052053 0.0152219 0.0152219 0.0036909 0.0029566 0.0113408 0.0122543 0.0176218 0.0037456 0.0037891 0.0072838 0.0037018 0.0053203 0.0064898 0.0037070 0.0037018 0.0037169 0.0037422 0.0042781 0.0037536 0.0024529 0.0037877 0.0038588 0.0037070 0.0037070 0.0012595 0.0090286 0.0040113 0.0161122 0.0176706 0.0234219 0.0168970 0.0168536 0.0276058 0.0400133 0.0176765 0.0225174 0.0225425 0.0152835 0.0176208 0.0036342 0.0031564 0.0029598 0.0037111 0.0066746 0.0029599 0.0207209 0.0030036 0.0044463 0.0078230 0.0038140 0.0064958 0.0086856 0.0077033 0.0077033 0.0058434 0.0096792 0.0058348 0.0077057 0.0097010 0.0047830 0.0070014 0.0077606 0.0044430 0.0047779 0.0037868 0.0067147 0.0086697 0.0079058 0.0028120 0.0077825 0.0038365 0.0085781 0.0105160 0.0038339 0.0086979 0.0073422 0.0085944 0.0030234 0.0065732 0.0077341 0.0038259 0.0076975 0.0078460 0.0076127 0.0051350 0.0088564 0.0077819 0.0082629 0.0077115 0.0077894 0.0076063 0.0078771 0.0038100 0.0063287 0.0048194 0.0031416 0.0045630 0.0075142 0.0062237 0.0046925 0.0085781 0.0081862 0.0076475 0.0075970 0.0077437 0.0085719 0.0094307 0.0076790 0.0085156 0.0086697 0.0076790 0.0094938 0.0076790 0.0077771 0.0095230 0.0055365 0.0062497 0.0075624 0.0109448 0.0030284 0.0075451 0.0074957 0.0075265 0.0093045 0.0123040 0.0074851 0.0084662 0.0052239 0.0037130 0.0074806 0.0074806 0.0074957 0.0065870 0.0039870 0.0040021 0.0047934 0.0134919 0.0135972 0.0098377 0.0155430 0.0093152 0.0080579 0.0057633 0.0114235 0.0108677 0.0077278 0.0039945 0.0110885 0.0066612 0.0081623 0.0079791 0.0096062 0.0069595 
KU174479_Eimeria_apionodes                      0.0222947 0.0298583 0.0279950 0.0040338 0.0156243 0.0040382 0.0040416 0.0142672 0.0000010 0.0054437 0.0000010 0.0058179 0.0000010 0.0000000 0.0041224 0.0040338 0.0056669 0.0030224 0.0030307 0.0040416 0.0010027 0.0040258 0.0000010 0.0040338 0.0060761 0.0030256 0.0060886 0.0060762 0.0058357 0.0084644 0.0123726 0.0030333 0.0204233 0.0124308 0.0113966 0.0166651 0.0134115 0.0144735 0.0040338 0.0040645 0.0050568 0.0123641 0.0123641 0.0040163 0.0040437 0.0060994 0.0124988 0.0145037 0.0040991 0.0040338 0.0072838 0.0040338 0.0053203 0.0064898 0.0040416 0.0040338 0.0040563 0.0040338 0.0040416 0.0040338 0.0024529 0.0040936 0.0042670 0.0040416 0.0040416 0.0012595 0.0092232 0.0047015 0.0156187 0.0134817 0.0178008 0.0124390 0.0134817 0.0256919 0.0351720 0.0134817 0.0222370 0.0188905 0.0124321 0.0145026 0.0034546 0.0031755 0.0030224 0.0030256 0.0064405 0.0030200 0.0208039 0.0030844 0.0050487 0.0086923 0.0036448 0.0079522 0.0111552 0.0099005 0.0099005 0.0074831 0.0124297 0.0061016 0.0098908 0.0124532 0.0048804 0.0075463 0.0099105 0.0044346 0.0048804 0.0041611 0.0073404 0.0111442 0.0086215 0.0037150 0.0086294 0.0042366 0.0097361 0.0099340 0.0036481 0.0111753 0.0086923 0.0097617 0.0031123 0.0079870 0.0085554 0.0042204 0.0098908 0.0084715 0.0083710 0.0050054 0.0099616 0.0086289 0.0099851 0.0099005 0.0099752 0.0083613 0.0101911 0.0036448 0.0061058 0.0048194 0.0032026 0.0052312 0.0082226 0.0064532 0.0054376 0.0097361 0.0082159 0.0084238 0.0083471 0.0085703 0.0095270 0.0108961 0.0084715 0.0096377 0.0111442 0.0084715 0.0112394 0.0084715 0.0086215 0.0111321 0.0058357 0.0076392 0.0082621 0.0119663 0.0030434 0.0082689 0.0081950 0.0082410 0.0113005 0.0148550 0.0081791 0.0099266 0.0061169 0.0040448 0.0081725 0.0081725 0.0081950 0.0081833 0.0044693 0.0044929 0.0056015 0.0221380 0.0135972 0.0116022 0.0172512 0.0102726 0.0090588 0.0063993 0.0138309 0.0174809 0.0098741 0.0032527 0.0108366 0.0066354 0.0090230 0.0086923 0.0111254 0.0070413 
KU174449_Eimeria_apionodes                      0.0247602 0.0331642 0.0367726 0.0007472 0.0168887 0.0000021 0.0000010 0.0036523 0.0043720 0.0055476 0.0036796 0.0000010 0.0037611 0.0041224 0.0000000 0.0000010 0.0035149 0.0021925 0.0000026 0.0000010 0.0059594 0.0063387 0.0013373 0.0000010 0.0021962 0.0029165 0.0021894 0.0021838 0.0009115 0.0100187 0.0142577 0.0043956 0.0206330 0.0182861 0.0260943 0.0189851 0.0166763 0.0166780 0.0007309 0.0059241 0.0044089 0.0143354 0.0143354 0.0081501 0.0066810 0.0135370 0.0129022 0.0198130 0.0000010 0.0000010 0.0031597 0.0000010 0.0010750 0.0012815 0.0000010 0.0000010 0.0000026 0.0000010 0.0000010 0.0000010 0.0000010 0.0000010 0.0000010 0.0000010 0.0000010 0.0000010 0.0119442 0.0028779 0.0167089 0.0190709 0.0264060 0.0198679 0.0182558 0.0289689 0.0403970 0.0190773 0.0238971 0.0239236 0.0182479 0.0182402 0.0027062 0.0023526 0.0021925 0.0029907 0.0000010 0.0021891 0.0163457 0.0022371 0.0007252 0.0109163 0.0028391 0.0086879 0.0106448 0.0116165 0.0116165 0.0078127 0.0116469 0.0009600 0.0116201 0.0116733 0.0000024 0.0099375 0.0117034 0.0035296 0.0000024 0.0000021 0.0018941 0.0106253 0.0111182 0.0065957 0.0091577 0.0030236 0.0115317 0.0140892 0.0028538 0.0126306 0.0110704 0.0117185 0.0022140 0.0087924 0.0107766 0.0000010 0.0116077 0.0110325 0.0104765 0.0000025 0.0121322 0.0106961 0.0124650 0.0116290 0.0117466 0.0113799 0.0114334 0.0028361 0.0010401 0.0000010 0.0023416 0.0007365 0.0104531 0.0022452 0.0007670 0.0115317 0.0125591 0.0106566 0.0105931 0.0107899 0.0101540 0.0110274 0.0106008 0.0099955 0.0106253 0.0107970 0.0111349 0.0107970 0.0107341 0.0130483 0.0009115 0.0104760 0.0112319 0.0137348 0.0022898 0.0104936 0.0104469 0.0104531 0.0114056 0.0128540 0.0104531 0.0118742 0.0014573 0.0000010 0.0103858 0.0103858 0.0103981 0.0023710 0.0000010 0.0000021 0.0007677 0.0174433 0.0148224 0.0111620 0.0207392 0.0110355 0.0109998 0.0104413 0.0143162 0.0162786 0.0116536 0.0031755 0.0133487 0.0105231 0.0114798 0.0112217 0.0113812 0.0109969 
KU174450_Eimeria_apionodes                      0.0243098 0.0322900 0.0361137 0.0007350 0.0166514 0.0000020 0.0000010 0.0036523 0.0042725 0.0054147 0.0036228 0.0000010 0.0037018 0.0040338 0.0000010 0.0000000 0.0035149 0.0021601 0.0000026 0.0000010 0.0058663 0.0062204 0.0013373 0.0000010 0.0021613 0.0028702 0.0021534 0.0021480 0.0009115 0.0100187 0.0140162 0.0043230 0.0206200 0.0172224 0.0256310 0.0186609 0.0164018 0.0164034 0.0007192 0.0058636 0.0043385 0.0141081 0.0140995 0.0080253 0.0065731 0.0133081 0.0126819 0.0194736 0.0000010 0.0000010 0.0030871 0.0000010 0.0010531 0.0012815 0.0000010 0.0000010 0.0000025 0.0000010 0.0000010 0.0000010 0.0000010 0.0000010 0.0000010 0.0000010 0.0000010 0.0000010 0.0110087 0.0028757 0.0164225 0.0187439 0.0259455 0.0195266 0.0179435 0.0284599 0.0405772 0.0187500 0.0234832 0.0235088 0.0179359 0.0186923 0.0027062 0.0023526 0.0021589 0.0029420 0.0000010 0.0021555 0.0163457 0.0022358 0.0007133 0.0101355 0.0028391 0.0076010 0.0096762 0.0106474 0.0106474 0.0068354 0.0106753 0.0009600 0.0106507 0.0106994 0.0000024 0.0091722 0.0107270 0.0035296 0.0000024 0.0000021 0.0018941 0.0096584 0.0103231 0.0056528 0.0083937 0.0030236 0.0107619 0.0132074 0.0028538 0.0116579 0.0101458 0.0109362 0.0022140 0.0076923 0.0100059 0.0000010 0.0106393 0.0102434 0.0097273 0.0000025 0.0113224 0.0099311 0.0114251 0.0106588 0.0107667 0.0106202 0.0105529 0.0028361 0.0010401 0.0000010 0.0023416 0.0007365 0.0095957 0.0022439 0.0007670 0.0107619 0.0113200 0.0098944 0.0098294 0.0100182 0.0093721 0.0102387 0.0098426 0.0092257 0.0096584 0.0100248 0.0102773 0.0100248 0.0099664 0.0121772 0.0009115 0.0094274 0.0096193 0.0123594 0.0022578 0.0096617 0.0095726 0.0096112 0.0103676 0.0143878 0.0095535 0.0109517 0.0014371 0.0000010 0.0094875 0.0094875 0.0095175 0.0023695 0.0000010 0.0000021 0.0007673 0.0155016 0.0135851 0.0103572 0.0192311 0.0101856 0.0102068 0.0092798 0.0135111 0.0147780 0.0106814 0.0031755 0.0122347 0.0095655 0.0106579 0.0104191 0.0105047 0.0099961 
KU174465_Eimeria_apionodes                      0.0329288 0.0572148 0.0471991 0.0035149 0.0247680 0.0035202 0.0035149 0.0067017 0.0063292 0.0086893 0.0047306 0.0047182 0.0047306 0.0056669 0.0035149 0.0035149 0.0000000 0.0000010 0.0023486 0.0035149 0.0059490 0.0105887 0.0029771 0.0035149 0.0047075 0.0023442 0.0047045 0.0046988 0.0052427 0.0108110 0.0194997 0.0047045 0.0261024 0.0224639 0.0426199 0.0261270 0.0247188 0.0272841 0.0035149 0.0071486 0.0023442 0.0233833 0.0233833 0.0095481 0.0071578 0.0183351 0.0198546 0.0260829 0.0035193 0.0035149 0.0119319 0.0035149 0.0082720 0.0056232 0.0035149 0.0035149 0.0035375 0.0035149 0.0041872 0.0035149 0.0027416 0.0035149 0.0035181 0.0035149 0.0035149 0.0000010 0.0120791 0.0000010 0.0262348 0.0275358 0.0344976 0.0262454 0.0235934 0.0430149 0.0568279 0.0275508 0.0274884 0.0317350 0.0222959 0.0248373 0.0025990 0.0023442 0.0000010 0.0023442 0.0045085 0.0000010 0.0184353 0.0000010 0.0046944 0.0108110 0.0000010 0.0116676 0.0107262 0.0093562 0.0093562 0.0107890 0.0121296 0.0053699 0.0093701 0.0121548 0.0039371 0.0096038 0.0094427 0.0000010 0.0039313 0.0035202 0.0065874 0.0107103 0.0108110 0.0063861 0.0120457 0.0000010 0.0108110 0.0133349 0.0000010 0.0093701 0.0101909 0.0108216 0.0000010 0.0118177 0.0108110 0.0035149 0.0093562 0.0108110 0.0108110 0.0042278 0.0108110 0.0108110 0.0102239 0.0093701 0.0094248 0.0108110 0.0090079 0.0000010 0.0045090 0.0070055 0.0000010 0.0046944 0.0108110 0.0071055 0.0046944 0.0108110 0.0134322 0.0108110 0.0108110 0.0108110 0.0120301 0.0120301 0.0108110 0.0120301 0.0107103 0.0108110 0.0120301 0.0108110 0.0108110 0.0103305 0.0052427 0.0118026 0.0108607 0.0138223 0.0000025 0.0108110 0.0108110 0.0108110 0.0116996 0.0108398 0.0108110 0.0108110 0.0059146 0.0035206 0.0108110 0.0108110 0.0108110 0.0046944 0.0035149 0.0035202 0.0046944 0.0174806 0.0192485 0.0120301 0.0166855 0.0121777 0.0108110 0.0115913 0.0108110 0.0150749 0.0094248 0.0011710 0.0153137 0.0110423 0.0108110 0.0108110 0.0120301 0.0110642 
KU174467_Eimeria_apionodes                      0.0234458 0.0311010 0.0355791 0.0029524 0.0158864 0.0021619 0.0021631 0.0061079 0.0032010 0.0043321 0.0028967 0.0037660 0.0029598 0.0030224 0.0021925 0.0021601 0.0000010 0.0000000 0.0014418 0.0021631 0.0051304 0.0071270 0.0013387 0.0021601 0.0043397 0.0021625 0.0036162 0.0043404 0.0036619 0.0092431 0.0148813 0.0036254 0.0206974 0.0165824 0.0282720 0.0195758 0.0156580 0.0171853 0.0028886 0.0051280 0.0036156 0.0148739 0.0148739 0.0072963 0.0058432 0.0126007 0.0127801 0.0187734 0.0021849 0.0022586 0.0062119 0.0021601 0.0042335 0.0051594 0.0021631 0.0021589 0.0021687 0.0022309 0.0025481 0.0022376 0.0012219 0.0022578 0.0022491 0.0021618 0.0021703 0.0000010 0.0103416 0.0000010 0.0173190 0.0196636 0.0253548 0.0189015 0.0188537 0.0294905 0.0417564 0.0196700 0.0244543 0.0244813 0.0173031 0.0196090 0.0018030 0.0015675 0.0000010 0.0022066 0.0039593 0.0000010 0.0184353 0.0000010 0.0028828 0.0093509 0.0000010 0.0087058 0.0106644 0.0096732 0.0096732 0.0078271 0.0116684 0.0038577 0.0096762 0.0116948 0.0028463 0.0084032 0.0097455 0.0008797 0.0028433 0.0022375 0.0047572 0.0106448 0.0095237 0.0047076 0.0091710 0.0007539 0.0099880 0.0123198 0.0000010 0.0106795 0.0092178 0.0101496 0.0000010 0.0088108 0.0092313 0.0022305 0.0096658 0.0094505 0.0089744 0.0030536 0.0105078 0.0091624 0.0103793 0.0096836 0.0097817 0.0098564 0.0096678 0.0000010 0.0041812 0.0035936 0.0000010 0.0029563 0.0088427 0.0045334 0.0030793 0.0099880 0.0102834 0.0091285 0.0090686 0.0092427 0.0101691 0.0110438 0.0090807 0.0100100 0.0106448 0.0092487 0.0111530 0.0092487 0.0091949 0.0113009 0.0036619 0.0083741 0.0096706 0.0137708 0.0000021 0.0089087 0.0088266 0.0088570 0.0114281 0.0136236 0.0088091 0.0101129 0.0036282 0.0021664 0.0088091 0.0088091 0.0088215 0.0047901 0.0023217 0.0023302 0.0031012 0.0174806 0.0148573 0.0112498 0.0179432 0.0110533 0.0094811 0.0081133 0.0127978 0.0134429 0.0097041 0.0007917 0.0133770 0.0086033 0.0098327 0.0096123 0.0114001 0.0089904 
KU174474_Eimeria_apionodes                      0.0234949 0.0311921 0.0356471 0.0007371 0.0159160 0.0000020 0.0000026 0.0000021 0.0032103 0.0043438 0.0029017 0.0000024 0.0029651 0.0030307 0.0000026 0.0000026 0.0023486 0.0014418 0.0000000 0.0000026 0.0051397 0.0062416 0.0013398 0.0000026 0.0021671 0.0021664 0.0014445 0.0021673 0.0009140 0.0092607 0.0133906 0.0036320 0.0199500 0.0166141 0.0258830 0.0180671 0.0156867 0.0156882 0.0007212 0.0051373 0.0036221 0.0133840 0.0133840 0.0073097 0.0058539 0.0111167 0.0120373 0.0172687 0.0000026 0.0000026 0.0031000 0.0000026 0.0010563 0.0012862 0.0000026 0.0000026 0.0000026 0.0000026 0.0000028 0.0000026 0.0000021 0.0000026 0.0000026 0.0000026 0.0000026 0.0000022 0.0103609 0.0019365 0.0158104 0.0181481 0.0254024 0.0189366 0.0173426 0.0279348 0.0401452 0.0181541 0.0229226 0.0229478 0.0173351 0.0180977 0.0018069 0.0015706 0.0014418 0.0022107 0.0000024 0.0014418 0.0143544 0.0014922 0.0007197 0.0093694 0.0018958 0.0065270 0.0087236 0.0096966 0.0096966 0.0058695 0.0097219 0.0009628 0.0096996 0.0097440 0.0000024 0.0084193 0.0097692 0.0026513 0.0000024 0.0000021 0.0018994 0.0087071 0.0095425 0.0047187 0.0076409 0.0022707 0.0100076 0.0123469 0.0019056 0.0107054 0.0092396 0.0101698 0.0014780 0.0066065 0.0092485 0.0000026 0.0096892 0.0094696 0.0089907 0.0000025 0.0105288 0.0091802 0.0104062 0.0097070 0.0098051 0.0098754 0.0096888 0.0018938 0.0010434 0.0000024 0.0015632 0.0007381 0.0088689 0.0022636 0.0007687 0.0100076 0.0103096 0.0091462 0.0090855 0.0092602 0.0086030 0.0094649 0.0090979 0.0084688 0.0087071 0.0092665 0.0094354 0.0092665 0.0092129 0.0113258 0.0009140 0.0083957 0.0089252 0.0110131 0.0015068 0.0089303 0.0088471 0.0088834 0.0093477 0.0136494 0.0088356 0.0101360 0.0014493 0.0000026 0.0088305 0.0088305 0.0088471 0.0023916 0.0000027 0.0000021 0.0007742 0.0135607 0.0123772 0.0096409 0.0179797 0.0093511 0.0094999 0.0081367 0.0128229 0.0134703 0.0097276 0.0023850 0.0111444 0.0086238 0.0098533 0.0096314 0.0096445 0.0090121 
KU174451_Eimeria_apionodes                      0.0243676 0.0323960 0.0363408 0.0007365 0.0166514 0.0000020 0.0000010 0.0036523 0.0042812 0.0054307 0.0036278 0.0000010 0.0037070 0.0040416 0.0000010 0.0000010 0.0035149 0.0021631 0.0000026 0.0000000 0.0058745 0.0062355 0.0013373 0.0000010 0.0021655 0.0028815 0.0014397 0.0021601 0.0009115 0.0100187 0.0140979 0.0043476 0.0206330 0.0173247 0.0257898 0.0187715 0.0164351 0.0164367 0.0007206 0.0058636 0.0043470 0.0141281 0.0141281 0.0080413 0.0065862 0.0118274 0.0127568 0.0179733 0.0000010 0.0000010 0.0030958 0.0000010 0.0010531 0.0012815 0.0000010 0.0000010 0.0000026 0.0000010 0.0000010 0.0000010 0.0000010 0.0000010 0.0000010 0.0000010 0.0000010 0.0000010 0.0110725 0.0028899 0.0165207 0.0188555 0.0261033 0.0196431 0.0180500 0.0286346 0.0408360 0.0188617 0.0236249 0.0236508 0.0180423 0.0188033 0.0027062 0.0023526 0.0021631 0.0029479 0.0000010 0.0021597 0.0163457 0.0022358 0.0007173 0.0101355 0.0028391 0.0076010 0.0096762 0.0106474 0.0106474 0.0068354 0.0106753 0.0009600 0.0106507 0.0106994 0.0000024 0.0091722 0.0107270 0.0035296 0.0000024 0.0000021 0.0018941 0.0096584 0.0103231 0.0056528 0.0083937 0.0030236 0.0107619 0.0132074 0.0028538 0.0116579 0.0101458 0.0109362 0.0022140 0.0076923 0.0100059 0.0000010 0.0106393 0.0102434 0.0097273 0.0000025 0.0113224 0.0099311 0.0114251 0.0106588 0.0107667 0.0106202 0.0105529 0.0028361 0.0010401 0.0000010 0.0023416 0.0007365 0.0095957 0.0022525 0.0007670 0.0107619 0.0113200 0.0098944 0.0098294 0.0100182 0.0093721 0.0102387 0.0098426 0.0092257 0.0096584 0.0100248 0.0102773 0.0100248 0.0099664 0.0121772 0.0009115 0.0094274 0.0096309 0.0123594 0.0022578 0.0096617 0.0095726 0.0096112 0.0103676 0.0143878 0.0095726 0.0110033 0.0014424 0.0000010 0.0095421 0.0095421 0.0095477 0.0023791 0.0000010 0.0000021 0.0007703 0.0155016 0.0135851 0.0103998 0.0193794 0.0101856 0.0102481 0.0092798 0.0135665 0.0148915 0.0106814 0.0031755 0.0122347 0.0095655 0.0106579 0.0104191 0.0105047 0.0099961 
