194
JQ993669_Isospora_sp._ex_Talpa_europaea         0.0000000 0.0067571 0.0135671 0.0243145 0.0254052 0.0243952 0.0244296 0.0368682 0.0237461 0.0277358 0.0216725 0.0326800 0.0216725 0.0223468 0.0248243 0.0243717 0.0330419 0.0235048 0.0235543 0.0244296 0.0226158 0.0252817 0.0209845 0.0243717 0.0261424 0.0234558 0.0261925 0.0261607 0.0254417 0.0261260 0.0225121 0.0235059 0.0296842 0.0359858 0.0588996 0.0224854 0.0242843 0.0252318 0.0243145 0.0245581 0.0252457 0.0225667 0.0224980 0.0234110 0.0234183 0.0225006 0.0208316 0.0252894 0.0237973 0.0243717 0.0286411 0.0243892 0.0270924 0.0275278 0.0244296 0.0243717 0.0235821 0.0243717 0.0253407 0.0243892 0.0233105 0.0247048 0.0246170 0.0244296 0.0244296 0.0197085 0.0280866 0.0285773 0.0233252 0.0216598 0.0272467 0.0207861 0.0216087 0.0320059 0.0452003 0.0216691 0.0262303 0.0272233 0.0207127 0.0215878 0.0232272 0.0235348 0.0234879 0.0234558 0.0345035 0.0234660 0.0346211 0.0239127 0.0252090 0.0256315 0.0242868 0.0274411 0.0285612 0.0275080 0.0275080 0.0245746 0.0296507 0.0267128 0.0274856 0.0297233 0.0253846 0.0264961 0.0276704 0.0235108 0.0253846 0.0250485 0.0274740 0.0285378 0.0264502 0.0224736 0.0264441 0.0244532 0.0274526 0.0275836 0.0244219 0.0286076 0.0269826 0.0275144 0.0240981 0.0277872 0.0272738 0.0253536 0.0274856 0.0270489 0.0267748 0.0260883 0.0260057 0.0264696 0.0282907 0.0275080 0.0266190 0.0267487 0.0265048 0.0242868 0.0291182 0.0282072 0.0237034 0.0260711 0.0263701 0.0266050 0.0239711 0.0274526 0.0280156 0.0269182 0.0267086 0.0263188 0.0279402 0.0285407 0.0270489 0.0282145 0.0285378 0.0270489 0.0276761 0.0270489 0.0264502 0.0270657 0.0254417 0.0263211 0.0256489 0.0365924 0.0236396 0.0264964 0.0262950 0.0264206 0.0294075 0.0325197 0.0262323 0.0284103 0.0263783 0.0244756 0.0262139 0.0262139 0.0262950 0.0274384 0.0235829 0.0236869 0.0245793 0.0274993 0.0338345 0.0280094 0.0244210 0.0266773 0.0255565 0.0281057 0.0297867 0.0246111 0.0274479 0.0210836 0.0328410 0.0247761 0.0254715 0.0256315 0.0284988 0.0259895 
JQ993670_Isospora_sp._ex_Talpa_europaea         0.0067571 0.0000000 0.0138421 0.0323955 0.0365616 0.0324378 0.0325020 0.0740944 0.0299561 0.0337896 0.0299561 0.0446083 0.0299561 0.0299561 0.0332753 0.0323955 0.0575206 0.0312014 0.0312933 0.0325020 0.0313002 0.0337628 0.0210412 0.0323955 0.0349661 0.0312119 0.0350572 0.0349636 0.0353844 0.0366852 0.0351702 0.0313036 0.0458571 0.0392986 0.0420968 0.0338958 0.0364043 0.0364402 0.0323955 0.0354716 0.0337118 0.0351750 0.0351394 0.0336647 0.0338306 0.0337526 0.0327381 0.0378062 0.0330091 0.0323955 0.0323955 0.0324278 0.0338641 0.0402994 0.0325020 0.0323955 0.0313423 0.0323955 0.0325020 0.0324278 0.0247233 0.0330091 0.0332395 0.0325020 0.0325020 0.0197587 0.0365002 0.0447675 0.0349985 0.0301131 0.0340597 0.0288946 0.0326276 0.0448797 0.0520186 0.0301131 0.0379137 0.0366473 0.0313820 0.0312724 0.0320356 0.0316708 0.0311703 0.0312119 0.0484629 0.0311400 0.0593650 0.0319525 0.0336444 0.0349266 0.0341824 0.0394179 0.0408453 0.0392617 0.0392617 0.0365753 0.0425043 0.0373472 0.0392135 0.0408453 0.0358465 0.0334164 0.0393113 0.0319339 0.0358465 0.0336478 0.0389109 0.0407951 0.0360332 0.0317172 0.0347300 0.0329635 0.0374938 0.0394201 0.0342233 0.0409418 0.0349266 0.0376148 0.0322980 0.0396301 0.0371529 0.0342220 0.0392135 0.0367229 0.0362009 0.0369656 0.0356523 0.0360709 0.0396647 0.0392617 0.0396156 0.0361519 0.0366295 0.0341824 0.0373763 0.0339107 0.0319904 0.0351364 0.0354414 0.0347175 0.0325005 0.0374938 0.0354064 0.0364726 0.0360764 0.0357828 0.0379683 0.0391234 0.0367229 0.0384932 0.0407951 0.0367229 0.0412138 0.0367229 0.0360332 0.0372281 0.0353844 0.0357113 0.0356409 0.0496968 0.0301845 0.0356765 0.0353018 0.0355358 0.0414383 0.0444335 0.0351848 0.0446707 0.0352513 0.0325336 0.0351502 0.0351502 0.0353018 0.0382920 0.0322265 0.0324273 0.0336731 0.0774581 0.0377428 0.0391012 0.0634316 0.0369721 0.0352705 0.0361839 0.0415823 0.0648563 0.0391349 0.0297964 0.0394382 0.0378365 0.0351017 0.0349266 0.0407132 0.0407400 
JQ993671_Isospora_sp._ex_Talpa_europaea         0.0135671 0.0138421 0.0000000 0.0361580 0.0353736 0.0365340 0.0365818 0.0514427 0.0286740 0.0328309 0.0349607 0.0400733 0.0348652 0.0280777 0.0369156 0.0362519 0.0474145 0.0357150 0.0357838 0.0364801 0.0361543 0.0367035 0.0271086 0.0365025 0.0383255 0.0348919 0.0382469 0.0373328 0.0348387 0.0394879 0.0318096 0.0341433 0.0389125 0.0463898 0.0665293 0.0300059 0.0333759 0.0342214 0.0367787 0.0377741 0.0376473 0.0322984 0.0322085 0.0391732 0.0369031 0.0349911 0.0314660 0.0366477 0.0369891 0.0353558 0.0335073 0.0365267 0.0320590 0.0334831 0.0365818 0.0365025 0.0355430 0.0358539 0.0332627 0.0359258 0.0261661 0.0363122 0.0372466 0.0365818 0.0367169 0.0254332 0.0392521 0.0431777 0.0353479 0.0284732 0.0367609 0.0277158 0.0284154 0.0401024 0.0535887 0.0284838 0.0324736 0.0341440 0.0276310 0.0292236 0.0323090 0.0351437 0.0356914 0.0369886 0.0440615 0.0356001 0.0416149 0.0370890 0.0364714 0.0390371 0.0328745 0.0390601 0.0398078 0.0386695 0.0386695 0.0370244 0.0409863 0.0345776 0.0386805 0.0410895 0.0340179 0.0382759 0.0389812 0.0325053 0.0339798 0.0379684 0.0361873 0.0397289 0.0376701 0.0347539 0.0391279 0.0375678 0.0402348 0.0420012 0.0330605 0.0398728 0.0378510 0.0409444 0.0366967 0.0395691 0.0404083 0.0378364 0.0386368 0.0383328 0.0391850 0.0355607 0.0373946 0.0391271 0.0405442 0.0387134 0.0391318 0.0406060 0.0390522 0.0328377 0.0377609 0.0338764 0.0349644 0.0384079 0.0386107 0.0395750 0.0373422 0.0402348 0.0364281 0.0399199 0.0396328 0.0395035 0.0388923 0.0412597 0.0396957 0.0412908 0.0397289 0.0395149 0.0422107 0.0395149 0.0392792 0.0404823 0.0348387 0.0386016 0.0378620 0.0483746 0.0345237 0.0388982 0.0385107 0.0386781 0.0417115 0.0446627 0.0384264 0.0397286 0.0372716 0.0363605 0.0381028 0.0381028 0.0382357 0.0409012 0.0367242 0.0368663 0.0376307 0.0491157 0.0412649 0.0411047 0.0457103 0.0394774 0.0386975 0.0391142 0.0426202 0.0426207 0.0388013 0.0326642 0.0435502 0.0383609 0.0370605 0.0370709 0.0397361 0.0402353 
JQ993665_Eimeria_nafuko                         0.0243145 0.0323955 0.0361580 0.0000000 0.0176924 0.0007357 0.0007365 0.0050837 0.0042740 0.0054164 0.0044591 0.0000010 0.0044591 0.0040352 0.0007472 0.0007350 0.0035153 0.0029527 0.0007371 0.0007365 0.0052211 0.0062248 0.0013379 0.0007350 0.0021926 0.0021920 0.0021950 0.0029270 0.0009116 0.0108390 0.0151103 0.0044061 0.0220742 0.0184256 0.0271395 0.0198888 0.0174512 0.0174521 0.0007283 0.0067640 0.0051421 0.0152584 0.0152176 0.0082256 0.0074245 0.0112493 0.0137272 0.0174871 0.0007441 0.0000010 0.0030879 0.0007355 0.0010532 0.0012818 0.0007365 0.0007350 0.0007381 0.0000010 0.0000010 0.0000010 0.0000010 0.0000010 0.0007665 0.0007365 0.0007365 0.0000010 0.0120214 0.0039984 0.0167802 0.0191542 0.0265417 0.0199552 0.0183324 0.0291278 0.0425677 0.0191614 0.0240131 0.0240392 0.0183245 0.0190977 0.0027070 0.0023530 0.0029509 0.0036660 0.0000010 0.0029485 0.0163721 0.0029963 0.0014579 0.0110509 0.0028398 0.0076098 0.0096886 0.0106614 0.0106614 0.0068429 0.0106903 0.0009602 0.0106648 0.0107151 0.0000024 0.0102028 0.0107412 0.0035309 0.0000024 0.0007523 0.0018944 0.0096708 0.0103354 0.0056568 0.0094026 0.0038275 0.0118052 0.0132297 0.0028544 0.0116754 0.0101581 0.0118277 0.0030159 0.0077013 0.0109243 0.0007600 0.0106533 0.0102553 0.0107512 0.0000025 0.0113378 0.0109922 0.0114412 0.0106729 0.0107814 0.0107422 0.0105669 0.0028368 0.0010403 0.0000010 0.0023419 0.0015108 0.0106111 0.0030913 0.0015534 0.0118052 0.0113338 0.0108008 0.0107290 0.0109378 0.0093817 0.0110510 0.0108456 0.0101320 0.0096708 0.0108456 0.0113050 0.0108456 0.0109854 0.0121969 0.0009116 0.0094407 0.0106800 0.0123821 0.0022580 0.0106552 0.0105848 0.0106287 0.0103818 0.0155252 0.0105631 0.0123634 0.0022243 0.0007377 0.0105568 0.0105568 0.0105848 0.0032708 0.0007918 0.0007948 0.0015866 0.0155346 0.0136057 0.0115611 0.0205149 0.0101986 0.0113861 0.0092911 0.0148333 0.0173792 0.0106956 0.0031764 0.0122539 0.0095774 0.0106714 0.0104316 0.0105182 0.0100089 
JQ993659_Eimeria_alorani                        0.0254052 0.0365616 0.0353736 0.0176924 0.0000000 0.0166941 0.0166802 0.0291384 0.0154479 0.0156183 0.0174842 0.0223633 0.0176782 0.0156498 0.0169184 0.0166802 0.0248326 0.0159134 0.0159432 0.0166802 0.0198782 0.0212127 0.0067517 0.0166802 0.0182643 0.0182576 0.0182841 0.0190470 0.0170511 0.0214225 0.0066621 0.0199025 0.0098331 0.0291383 0.0458013 0.0112006 0.0029306 0.0044053 0.0174942 0.0183072 0.0198455 0.0021920 0.0021920 0.0222201 0.0190653 0.0089493 0.0097950 0.0044139 0.0168473 0.0172755 0.0171167 0.0166802 0.0152916 0.0173266 0.0166802 0.0166802 0.0167494 0.0170542 0.0158358 0.0171080 0.0087229 0.0172324 0.0165371 0.0166802 0.0166802 0.0063718 0.0223438 0.0205852 0.0151182 0.0112534 0.0207606 0.0120244 0.0119925 0.0223983 0.0344179 0.0112575 0.0159285 0.0159451 0.0119875 0.0112207 0.0168261 0.0179706 0.0159134 0.0184375 0.0235668 0.0159137 0.0059828 0.0162739 0.0174548 0.0208244 0.0156737 0.0224897 0.0229624 0.0239692 0.0239692 0.0201533 0.0240356 0.0179934 0.0239763 0.0240933 0.0167093 0.0198318 0.0241539 0.0154955 0.0166912 0.0170725 0.0187291 0.0229189 0.0212170 0.0205295 0.0190077 0.0164772 0.0214775 0.0254155 0.0157578 0.0250651 0.0228103 0.0216703 0.0162293 0.0227689 0.0213943 0.0172164 0.0239500 0.0219174 0.0210062 0.0179739 0.0224536 0.0206353 0.0257770 0.0239955 0.0242456 0.0218603 0.0245911 0.0156567 0.0195645 0.0122429 0.0162209 0.0178869 0.0207285 0.0190575 0.0175990 0.0214775 0.0222364 0.0211497 0.0210062 0.0205772 0.0209117 0.0210440 0.0211933 0.0205777 0.0229189 0.0214361 0.0220510 0.0214361 0.0206223 0.0261214 0.0170511 0.0238343 0.0200682 0.0300927 0.0164395 0.0208154 0.0206768 0.0207633 0.0246567 0.0259506 0.0206895 0.0240813 0.0174940 0.0166974 0.0206768 0.0206768 0.0206895 0.0201937 0.0170971 0.0171624 0.0179454 0.0413846 0.0268531 0.0217120 0.0368363 0.0218474 0.0213812 0.0252889 0.0249981 0.0319994 0.0240478 0.0155872 0.0264818 0.0227301 0.0219259 0.0214202 0.0225526 0.0237879 
KU174470_Eimeria_apionodes                      0.0243952 0.0324378 0.0365340 0.0007357 0.0166941 0.0000000 0.0000020 0.0036597 0.0042791 0.0054227 0.0036272 0.0000028 0.0037064 0.0040396 0.0000021 0.0000020 0.0035206 0.0021620 0.0000020 0.0000020 0.0058747 0.0062306 0.0013379 0.0000020 0.0021632 0.0028854 0.0014418 0.0021632 0.0009125 0.0100388 0.0141403 0.0043547 0.0207497 0.0173902 0.0259287 0.0188353 0.0164423 0.0164431 0.0007199 0.0058723 0.0043425 0.0141412 0.0141326 0.0080374 0.0065836 0.0118604 0.0127954 0.0180329 0.0000020 0.0000021 0.0030921 0.0000020 0.0010544 0.0012836 0.0000020 0.0000020 0.0000020 0.0000021 0.0000022 0.0000021 0.0000010 0.0000021 0.0000021 0.0000020 0.0000020 0.0000010 0.0111030 0.0029027 0.0165798 0.0189246 0.0262185 0.0197156 0.0181132 0.0287702 0.0401640 0.0189316 0.0237226 0.0237481 0.0181056 0.0188694 0.0027097 0.0023546 0.0021606 0.0029447 0.0000028 0.0021606 0.0164092 0.0022377 0.0007183 0.0101564 0.0028428 0.0076189 0.0096992 0.0106731 0.0106731 0.0068507 0.0107020 0.0009613 0.0106765 0.0107269 0.0000024 0.0091890 0.0107531 0.0035344 0.0000024 0.0000021 0.0009471 0.0096814 0.0103443 0.0056629 0.0084096 0.0030268 0.0107852 0.0132431 0.0028575 0.0116883 0.0101692 0.0109602 0.0022160 0.0077109 0.0100261 0.0000021 0.0106650 0.0102651 0.0097463 0.0000025 0.0113479 0.0099511 0.0114548 0.0106847 0.0107937 0.0106427 0.0105776 0.0028397 0.0010414 0.0000010 0.0023435 0.0007370 0.0096139 0.0022609 0.0007676 0.0107852 0.0113468 0.0099142 0.0098488 0.0100386 0.0093907 0.0102611 0.0098618 0.0092439 0.0096814 0.0100449 0.0103002 0.0100449 0.0099865 0.0122094 0.0009125 0.0094518 0.0096745 0.0124008 0.0022599 0.0096802 0.0095907 0.0096295 0.0103931 0.0144247 0.0095716 0.0110670 0.0014473 0.0000020 0.0095660 0.0095660 0.0095907 0.0023888 0.0000021 0.0000021 0.0007731 0.0155672 0.0136243 0.0104520 0.0195486 0.0102084 0.0102981 0.0093031 0.0136410 0.0150192 0.0107074 0.0031792 0.0122690 0.0095877 0.0106820 0.0104408 0.0105287 0.0100202 
KU174461_Eimeria_apionodes                      0.0244296 0.0325020 0.0365818 0.0007365 0.0166802 0.0000020 0.0000000 0.0036547 0.0042827 0.0054323 0.0036292 0.0000010 0.0037085 0.0040429 0.0000010 0.0000010 0.0035153 0.0021632 0.0000026 0.0000010 0.0058781 0.0062399 0.0013379 0.0000010 0.0021655 0.0028893 0.0014436 0.0021657 0.0009116 0.0100297 0.0141564 0.0043602 0.0207323 0.0174114 0.0259619 0.0188583 0.0164621 0.0164630 0.0007207 0.0058675 0.0043481 0.0141487 0.0141487 0.0080466 0.0065912 0.0118741 0.0128109 0.0180549 0.0000010 0.0000010 0.0030966 0.0000010 0.0010532 0.0012818 0.0000010 0.0000010 0.0000026 0.0000010 0.0000010 0.0000010 0.0000010 0.0000010 0.0000010 0.0000010 0.0000010 0.0000010 0.0111158 0.0029002 0.0165989 0.0189478 0.0262515 0.0197398 0.0181353 0.0288070 0.0411470 0.0189548 0.0237522 0.0237777 0.0181276 0.0188925 0.0027070 0.0023530 0.0021632 0.0029486 0.0000010 0.0021632 0.0163721 0.0022359 0.0007192 0.0101469 0.0028398 0.0076098 0.0096886 0.0106614 0.0106614 0.0068429 0.0106903 0.0009602 0.0106648 0.0107151 0.0000024 0.0091811 0.0107412 0.0035309 0.0000024 0.0000021 0.0018944 0.0096708 0.0103354 0.0056568 0.0084026 0.0030242 0.0107753 0.0132297 0.0028544 0.0116754 0.0101581 0.0109500 0.0022142 0.0077013 0.0100170 0.0000010 0.0106533 0.0102553 0.0097377 0.0000025 0.0113378 0.0099421 0.0114412 0.0106729 0.0107814 0.0106331 0.0105669 0.0028368 0.0010403 0.0000010 0.0023419 0.0007364 0.0096058 0.0022591 0.0007670 0.0107753 0.0113338 0.0099052 0.0098401 0.0100292 0.0093817 0.0102516 0.0098531 0.0092356 0.0096708 0.0100358 0.0102901 0.0100358 0.0099774 0.0121969 0.0009116 0.0094407 0.0096665 0.0123821 0.0022580 0.0096720 0.0095826 0.0096214 0.0103818 0.0144120 0.0095826 0.0110555 0.0014463 0.0000010 0.0095771 0.0095771 0.0095826 0.0023867 0.0000010 0.0000021 0.0007724 0.0155346 0.0136057 0.0104425 0.0195161 0.0101986 0.0102887 0.0092911 0.0136283 0.0149942 0.0106956 0.0031764 0.0122539 0.0095774 0.0106714 0.0104316 0.0105182 0.0100089 
KU174464_Eimeria_apionodes                      0.0368682 0.0740944 0.0514427 0.0050837 0.0291384 0.0036597 0.0036547 0.0000000 0.0164714 0.0199630 0.0086624 0.0056522 0.0089900 0.0142962 0.0036547 0.0036547 0.0067074 0.0061124 0.0000021 0.0036547 0.0126349 0.0162852 0.0130029 0.0036547 0.0061301 0.0061124 0.0048921 0.0048868 0.0060807 0.0156828 0.0203493 0.0098888 0.0285973 0.0275585 0.0448159 0.0273143 0.0285098 0.0271740 0.0048985 0.0112409 0.0073813 0.0244229 0.0244229 0.0150225 0.0112410 0.0231332 0.0234949 0.0300316 0.0036596 0.0039462 0.0150946 0.0036547 0.0105726 0.0070013 0.0036547 0.0036547 0.0036794 0.0038623 0.0049083 0.0038825 0.0076583 0.0038691 0.0036582 0.0036547 0.0036753 0.0087361 0.0164593 0.0061124 0.0302644 0.0302749 0.0419629 0.0316514 0.0288105 0.0482220 0.0631305 0.0302947 0.0302193 0.0347537 0.0287793 0.0274086 0.0075773 0.0066663 0.0061124 0.0076242 0.0053547 0.0061184 0.0243073 0.0063233 0.0048806 0.0154847 0.0076314 0.0155648 0.0140979 0.0156737 0.0156737 0.0141944 0.0157619 0.0062528 0.0157009 0.0158016 0.0045673 0.0138511 0.0158437 0.0076598 0.0045595 0.0037406 0.0076469 0.0140735 0.0161251 0.0118854 0.0138560 0.0062478 0.0152058 0.0188476 0.0076860 0.0157009 0.0173388 0.0155833 0.0061531 0.0158032 0.0154463 0.0036547 0.0156737 0.0162720 0.0151229 0.0049632 0.0160908 0.0151019 0.0174054 0.0157009 0.0158085 0.0167954 0.0149944 0.0076185 0.0053547 0.0092818 0.0065280 0.0048806 0.0151019 0.0073930 0.0049885 0.0152058 0.0243320 0.0154463 0.0154463 0.0154463 0.0147194 0.0144089 0.0152058 0.0141316 0.0140735 0.0156828 0.0141316 0.0156828 0.0152058 0.0165644 0.0060807 0.0193811 0.0151752 0.0190939 0.0065802 0.0151745 0.0151019 0.0151019 0.0156161 0.0152171 0.0151019 0.0151019 0.0061523 0.0036608 0.0151019 0.0151019 0.0151019 0.0048806 0.0036547 0.0036597 0.0048806 0.0156167 0.0277651 0.0138170 0.0195957 0.0154161 0.0151019 0.0202539 0.0151019 0.0150554 0.0158085 0.0079087 0.0208275 0.0170285 0.0160908 0.0162127 0.0147665 0.0170676 
KU174480_Eimeria_apionodes                      0.0237461 0.0299561 0.0286740 0.0042740 0.0154479 0.0042791 0.0042827 0.0164714 0.0000000 0.0054469 0.0000010 0.0063318 0.0000010 0.0000010 0.0043736 0.0042740 0.0063330 0.0032020 0.0032114 0.0042827 0.0010618 0.0042643 0.0000010 0.0042740 0.0064399 0.0032059 0.0064554 0.0064402 0.0062420 0.0090013 0.0131408 0.0032146 0.0217457 0.0132116 0.0121074 0.0177176 0.0142442 0.0142566 0.0042740 0.0043095 0.0053595 0.0131303 0.0131303 0.0042532 0.0042856 0.0064684 0.0132845 0.0154114 0.0043473 0.0042740 0.0042740 0.0042740 0.0053765 0.0069982 0.0042827 0.0042740 0.0042994 0.0042740 0.0042827 0.0042740 0.0024537 0.0043411 0.0045367 0.0042827 0.0042827 0.0012600 0.0097901 0.0051515 0.0166070 0.0143279 0.0189353 0.0132189 0.0143279 0.0273931 0.0376082 0.0143279 0.0236858 0.0201010 0.0132112 0.0154097 0.0036919 0.0033748 0.0032020 0.0032059 0.0070762 0.0031993 0.0235737 0.0032717 0.0053500 0.0092596 0.0039095 0.0085923 0.0119944 0.0106436 0.0106436 0.0080475 0.0133699 0.0065475 0.0106325 0.0133981 0.0052368 0.0080331 0.0106551 0.0047276 0.0052368 0.0044172 0.0078702 0.0119817 0.0091795 0.0039910 0.0091882 0.0045031 0.0103709 0.0106826 0.0039133 0.0120201 0.0092596 0.0103998 0.0033031 0.0086335 0.0091046 0.0044842 0.0106325 0.0090093 0.0088959 0.0053812 0.0106271 0.0091878 0.0107417 0.0106436 0.0107303 0.0088849 0.0108891 0.0039095 0.0065522 0.0048213 0.0034050 0.0055553 0.0087284 0.0057008 0.0057887 0.0103709 0.0087209 0.0089555 0.0088690 0.0091213 0.0101321 0.0116123 0.0090093 0.0102576 0.0119817 0.0090093 0.0120921 0.0090093 0.0091795 0.0118831 0.0062420 0.0082299 0.0087731 0.0130724 0.0032256 0.0087806 0.0086973 0.0087492 0.0121626 0.0158145 0.0086794 0.0107921 0.0064869 0.0042863 0.0086720 0.0086720 0.0086973 0.0087584 0.0047663 0.0047933 0.0059750 0.0279277 0.0111840 0.0124175 0.0213952 0.0109802 0.0096770 0.0068951 0.0148051 0.0217497 0.0106131 0.0034618 0.0116266 0.0071699 0.0096362 0.0092596 0.0119599 0.0076462 
KU174483_Eimeria_apionodes                      0.0277358 0.0337896 0.0328309 0.0054164 0.0156183 0.0054227 0.0054323 0.0199630 0.0054469 0.0000000 0.0054469 0.0080882 0.0054469 0.0054469 0.0055494 0.0054164 0.0086937 0.0043332 0.0043450 0.0054323 0.0065650 0.0076291 0.0040481 0.0054164 0.0076176 0.0043348 0.0076362 0.0076179 0.0076196 0.0126612 0.0144375 0.0021576 0.0232512 0.0156892 0.0110845 0.0214942 0.0155573 0.0155710 0.0054164 0.0077185 0.0043169 0.0144389 0.0144259 0.0098513 0.0076679 0.0076518 0.0169642 0.0167472 0.0055155 0.0054164 0.0054164 0.0054212 0.0065474 0.0085603 0.0054323 0.0054164 0.0054486 0.0054164 0.0054323 0.0054212 0.0036914 0.0055088 0.0057596 0.0054323 0.0054323 0.0025274 0.0133313 0.0070325 0.0203578 0.0180130 0.0227605 0.0168788 0.0180130 0.0314992 0.0420667 0.0180130 0.0276627 0.0239618 0.0168686 0.0191138 0.0024830 0.0022680 0.0043294 0.0021517 0.0090626 0.0043258 0.0267894 0.0044279 0.0065089 0.0130326 0.0053070 0.0132675 0.0164288 0.0150338 0.0150338 0.0124023 0.0178563 0.0079990 0.0150176 0.0164288 0.0066640 0.0117445 0.0150506 0.0060058 0.0066640 0.0056051 0.0093482 0.0164110 0.0129170 0.0081993 0.0129304 0.0057162 0.0141523 0.0150901 0.0053125 0.0164650 0.0130326 0.0141931 0.0044710 0.0133328 0.0128097 0.0056918 0.0150176 0.0126727 0.0125094 0.0068514 0.0145110 0.0129291 0.0151755 0.0150338 0.0151589 0.0124938 0.0148774 0.0053070 0.0080053 0.0060305 0.0046111 0.0067684 0.0122689 0.0069485 0.0070573 0.0141523 0.0122581 0.0125950 0.0124708 0.0128336 0.0138197 0.0154542 0.0126727 0.0139948 0.0164110 0.0126727 0.0165653 0.0126727 0.0129170 0.0158223 0.0076196 0.0126931 0.0123331 0.0185785 0.0043645 0.0123440 0.0122244 0.0122989 0.0166655 0.0196451 0.0121876 0.0159052 0.0076808 0.0054370 0.0121770 0.0121770 0.0122244 0.0101825 0.0060558 0.0060897 0.0072882 0.0404314 0.0152904 0.0165519 0.0323078 0.0150049 0.0136348 0.0113439 0.0189717 0.0328868 0.0149896 0.0046891 0.0159122 0.0118098 0.0135757 0.0130326 0.0163805 0.0126188 
KU174462_Eimeria_apionodes                      0.0216725 0.0299561 0.0349607 0.0044591 0.0174842 0.0036272 0.0036292 0.0086624 0.0000010 0.0054469 0.0000000 0.0063506 0.0000010 0.0000010 0.0036811 0.0036242 0.0047336 0.0028978 0.0029028 0.0036292 0.0021780 0.0035266 0.0000010 0.0036242 0.0058262 0.0036286 0.0050976 0.0058264 0.0055401 0.0076816 0.0149198 0.0051068 0.0207633 0.0150539 0.0301715 0.0180393 0.0172305 0.0172314 0.0043626 0.0036485 0.0050967 0.0149117 0.0149117 0.0043371 0.0028970 0.0126310 0.0120143 0.0188291 0.0036662 0.0037909 0.0072887 0.0036242 0.0053233 0.0064947 0.0036292 0.0036242 0.0036389 0.0037440 0.0042806 0.0037554 0.0024537 0.0037895 0.0037746 0.0036292 0.0036414 0.0012600 0.0088431 0.0038984 0.0157878 0.0181246 0.0246198 0.0173636 0.0173175 0.0279257 0.0401882 0.0181313 0.0229028 0.0229273 0.0157725 0.0180719 0.0036368 0.0031581 0.0028978 0.0037034 0.0066806 0.0028978 0.0207678 0.0029999 0.0043532 0.0077711 0.0038165 0.0065025 0.0086958 0.0077120 0.0077120 0.0058491 0.0096917 0.0058392 0.0077145 0.0097141 0.0047863 0.0068561 0.0077694 0.0044464 0.0047812 0.0037551 0.0067197 0.0086799 0.0079141 0.0028135 0.0076220 0.0038044 0.0084297 0.0105321 0.0038364 0.0087093 0.0073498 0.0085658 0.0029706 0.0065801 0.0076720 0.0037432 0.0077062 0.0078539 0.0074589 0.0051391 0.0088671 0.0076149 0.0082730 0.0077203 0.0077987 0.0083189 0.0078862 0.0038124 0.0063334 0.0048213 0.0031430 0.0044650 0.0073582 0.0060885 0.0046520 0.0084297 0.0081946 0.0075867 0.0075370 0.0076814 0.0085808 0.0094417 0.0075468 0.0084474 0.0086799 0.0076863 0.0094095 0.0076863 0.0076418 0.0095369 0.0055401 0.0062573 0.0074045 0.0109631 0.0030298 0.0074087 0.0073405 0.0073701 0.0093161 0.0120849 0.0073303 0.0082488 0.0051144 0.0036350 0.0073261 0.0073261 0.0073405 0.0064363 0.0038973 0.0039118 0.0046855 0.0135175 0.0136189 0.0096171 0.0148849 0.0093261 0.0078792 0.0057691 0.0111731 0.0104061 0.0077366 0.0039970 0.0111044 0.0066683 0.0081714 0.0079875 0.0096177 0.0069671 
KU174463_Eimeria_apionodes                      0.0326800 0.0446083 0.0400733 0.0000010 0.0223633 0.0000028 0.0000010 0.0056522 0.0063318 0.0080882 0.0063506 0.0000000 0.0063506 0.0058214 0.0000010 0.0000010 0.0047189 0.0037669 0.0000024 0.0000010 0.0076593 0.0076515 0.0020121 0.0000010 0.0025090 0.0037723 0.0025161 0.0025048 0.0012500 0.0102715 0.0141677 0.0037789 0.0224160 0.0156905 0.0216080 0.0210807 0.0195587 0.0209172 0.0000010 0.0089623 0.0050378 0.0182260 0.0182260 0.0115030 0.0102990 0.0129214 0.0184685 0.0210424 0.0000010 0.0000010 0.0045014 0.0000010 0.0015453 0.0014418 0.0000010 0.0000010 0.0000024 0.0000010 0.0000010 0.0000010 0.0000010 0.0000010 0.0000010 0.0000010 0.0000010 0.0000010 0.0129720 0.0040303 0.0225300 0.0197320 0.0280934 0.0211100 0.0184073 0.0341907 0.0419652 0.0197320 0.0225046 0.0239596 0.0197387 0.0197241 0.0037723 0.0037723 0.0037669 0.0037723 0.0000010 0.0037670 0.0164368 0.0037632 0.0012500 0.0102715 0.0037632 0.0089703 0.0089703 0.0102715 0.0102715 0.0089703 0.0102935 0.0012518 0.0102715 0.0103040 0.0000028 0.0089807 0.0102859 0.0037670 0.0000028 0.0000028 0.0025059 0.0089703 0.0102715 0.0076432 0.0089834 0.0037632 0.0102715 0.0102715 0.0037723 0.0102715 0.0102715 0.0102822 0.0037632 0.0089834 0.0102715 0.0000010 0.0102715 0.0102715 0.0102715 0.0000028 0.0102715 0.0102715 0.0102715 0.0102715 0.0102715 0.0102715 0.0102715 0.0037632 0.0012522 0.0000010 0.0037632 0.0012500 0.0102819 0.0025135 0.0012500 0.0102715 0.0117916 0.0102715 0.0102715 0.0102715 0.0089703 0.0089703 0.0102715 0.0089703 0.0089703 0.0102715 0.0089703 0.0102715 0.0102715 0.0102715 0.0012500 0.0118146 0.0103555 0.0124149 0.0037858 0.0103001 0.0102715 0.0102819 0.0090112 0.0103009 0.0102819 0.0102715 0.0025219 0.0000010 0.0102715 0.0102715 0.0102819 0.0025116 0.0000010 0.0000028 0.0012500 0.0189375 0.0127449 0.0089703 0.0207472 0.0089703 0.0102715 0.0105110 0.0102715 0.0209537 0.0102715 0.0050428 0.0107023 0.0102715 0.0102715 0.0102715 0.0089703 0.0102715 
KU174468_Eimeria_apionodes                      0.0216725 0.0299561 0.0348652 0.0044591 0.0176782 0.0037064 0.0037085 0.0089900 0.0000010 0.0054469 0.0000010 0.0063506 0.0000000 0.0000010 0.0037627 0.0037033 0.0047336 0.0029610 0.0029663 0.0037085 0.0022126 0.0035266 0.0000010 0.0037033 0.0052036 0.0037079 0.0052094 0.0059541 0.0055401 0.0076816 0.0152547 0.0044629 0.0212436 0.0153949 0.0308914 0.0184471 0.0176188 0.0176197 0.0044581 0.0037255 0.0052084 0.0152462 0.0152462 0.0036917 0.0029577 0.0113560 0.0122729 0.0176554 0.0037471 0.0037909 0.0072887 0.0037033 0.0053233 0.0064947 0.0037085 0.0037033 0.0037186 0.0037440 0.0042806 0.0037554 0.0024537 0.0037895 0.0038605 0.0037085 0.0037085 0.0012600 0.0090392 0.0040137 0.0161449 0.0177066 0.0234862 0.0169310 0.0168851 0.0276920 0.0401999 0.0177133 0.0225741 0.0225986 0.0153114 0.0176541 0.0036368 0.0031581 0.0029610 0.0037132 0.0066806 0.0029610 0.0207678 0.0030049 0.0044482 0.0078308 0.0038165 0.0065025 0.0086958 0.0077120 0.0077120 0.0058491 0.0096917 0.0058392 0.0077145 0.0097141 0.0047863 0.0070074 0.0077694 0.0044464 0.0047812 0.0037885 0.0067197 0.0086799 0.0079141 0.0028135 0.0077902 0.0038387 0.0085879 0.0105321 0.0038364 0.0087093 0.0073498 0.0086041 0.0030246 0.0065801 0.0077417 0.0038277 0.0077062 0.0078539 0.0076200 0.0051391 0.0088671 0.0077896 0.0082730 0.0077203 0.0077987 0.0076136 0.0078862 0.0038124 0.0063334 0.0048213 0.0031430 0.0045651 0.0075212 0.0062281 0.0046948 0.0085879 0.0081946 0.0076549 0.0076043 0.0077513 0.0085808 0.0094417 0.0076863 0.0085242 0.0086799 0.0076863 0.0095048 0.0076863 0.0077848 0.0095369 0.0055401 0.0062573 0.0075696 0.0109631 0.0030298 0.0075522 0.0075027 0.0075336 0.0093161 0.0123235 0.0074920 0.0084776 0.0052269 0.0037145 0.0074876 0.0074876 0.0075027 0.0065925 0.0039889 0.0040041 0.0047959 0.0135175 0.0136189 0.0098496 0.0155671 0.0093261 0.0080663 0.0057691 0.0114419 0.0108826 0.0077366 0.0039970 0.0111044 0.0066683 0.0081714 0.0079875 0.0096177 0.0069671 
KU174479_Eimeria_apionodes                      0.0223468 0.0299561 0.0280777 0.0040352 0.0156498 0.0040396 0.0040429 0.0142962 0.0000010 0.0054469 0.0000010 0.0058214 0.0000010 0.0000000 0.0041239 0.0040352 0.0056698 0.0030233 0.0030316 0.0040429 0.0010028 0.0040266 0.0000010 0.0040352 0.0060785 0.0030268 0.0060923 0.0060788 0.0058383 0.0084731 0.0123893 0.0030345 0.0204673 0.0124521 0.0114116 0.0166939 0.0134292 0.0144929 0.0040352 0.0040659 0.0050591 0.0123800 0.0123800 0.0040166 0.0040455 0.0061039 0.0125170 0.0145257 0.0041005 0.0040352 0.0072887 0.0040352 0.0053233 0.0064947 0.0040429 0.0040352 0.0040578 0.0040352 0.0040429 0.0040352 0.0024537 0.0040949 0.0042686 0.0040429 0.0040429 0.0012600 0.0092336 0.0047040 0.0156475 0.0135036 0.0178353 0.0124587 0.0135036 0.0257654 0.0353133 0.0135036 0.0222936 0.0189305 0.0124519 0.0145243 0.0034563 0.0031768 0.0030233 0.0030268 0.0064446 0.0030209 0.0208511 0.0030854 0.0050506 0.0087017 0.0036463 0.0079608 0.0111698 0.0099131 0.0099131 0.0074910 0.0124480 0.0061046 0.0099034 0.0124725 0.0048827 0.0075530 0.0099230 0.0044371 0.0048827 0.0041626 0.0073443 0.0111589 0.0086309 0.0037171 0.0086388 0.0042388 0.0097486 0.0099469 0.0036496 0.0111921 0.0087017 0.0097741 0.0031132 0.0079958 0.0085646 0.0042220 0.0099034 0.0084802 0.0083797 0.0050080 0.0099747 0.0086383 0.0099981 0.0099131 0.0099883 0.0083700 0.0102052 0.0036463 0.0061089 0.0048213 0.0032036 0.0052332 0.0082309 0.0064567 0.0054399 0.0097486 0.0082242 0.0084326 0.0083558 0.0085795 0.0095373 0.0109105 0.0084802 0.0096484 0.0111589 0.0084802 0.0112546 0.0084802 0.0086309 0.0111493 0.0058383 0.0076489 0.0082706 0.0119875 0.0030443 0.0082774 0.0082032 0.0082494 0.0113156 0.0148833 0.0081873 0.0099430 0.0061203 0.0040461 0.0081807 0.0081807 0.0082032 0.0081908 0.0044712 0.0044949 0.0056041 0.0221937 0.0136189 0.0116184 0.0172888 0.0102852 0.0090693 0.0064058 0.0138581 0.0175193 0.0098866 0.0032538 0.0108501 0.0066423 0.0090335 0.0087017 0.0111399 0.0070491 
KU174449_Eimeria_apionodes                      0.0248243 0.0332753 0.0369156 0.0007472 0.0169184 0.0000021 0.0000010 0.0036547 0.0043736 0.0055494 0.0036811 0.0000010 0.0037627 0.0041239 0.0000000 0.0000010 0.0035153 0.0021926 0.0000026 0.0000010 0.0059631 0.0063433 0.0013379 0.0000010 0.0021964 0.0029170 0.0021901 0.0021839 0.0009116 0.0100297 0.0142795 0.0043971 0.0206761 0.0183296 0.0261974 0.0190228 0.0167043 0.0167051 0.0007309 0.0059281 0.0044102 0.0143568 0.0143568 0.0081557 0.0066862 0.0135590 0.0129229 0.0198563 0.0000010 0.0000010 0.0031606 0.0000010 0.0010751 0.0012818 0.0000010 0.0000010 0.0000026 0.0000010 0.0000010 0.0000010 0.0000010 0.0000010 0.0000010 0.0000010 0.0000010 0.0000010 0.0119600 0.0028783 0.0167449 0.0191138 0.0264851 0.0199131 0.0182938 0.0290652 0.0405869 0.0191210 0.0239622 0.0239881 0.0182860 0.0182782 0.0027070 0.0023530 0.0021926 0.0029914 0.0000010 0.0021892 0.0163721 0.0022372 0.0007252 0.0109287 0.0028398 0.0086982 0.0106588 0.0116321 0.0116321 0.0078214 0.0116636 0.0009602 0.0116358 0.0116906 0.0000024 0.0099474 0.0117191 0.0035309 0.0000024 0.0000021 0.0018944 0.0106392 0.0111317 0.0066005 0.0091676 0.0030242 0.0115463 0.0141133 0.0028544 0.0126499 0.0110841 0.0117335 0.0022142 0.0088030 0.0107888 0.0000010 0.0116232 0.0110455 0.0104880 0.0000025 0.0121491 0.0107082 0.0124830 0.0116446 0.0117629 0.0113940 0.0114488 0.0028368 0.0010403 0.0000010 0.0023419 0.0007364 0.0104645 0.0022457 0.0007670 0.0115463 0.0125751 0.0106684 0.0106048 0.0108020 0.0101658 0.0110415 0.0106123 0.0100065 0.0106392 0.0108091 0.0111490 0.0108091 0.0107462 0.0130696 0.0009116 0.0104910 0.0112458 0.0137606 0.0022901 0.0105051 0.0104583 0.0104645 0.0114215 0.0128735 0.0104645 0.0118920 0.0014576 0.0000010 0.0103971 0.0103971 0.0104094 0.0023718 0.0000010 0.0000021 0.0007678 0.0174813 0.0148453 0.0111763 0.0207761 0.0110498 0.0110128 0.0104543 0.0143410 0.0163049 0.0116693 0.0031764 0.0133700 0.0105365 0.0114946 0.0112353 0.0113962 0.0110113 
KU174450_Eimeria_apionodes                      0.0243717 0.0323955 0.0362519 0.0007350 0.0166802 0.0000020 0.0000010 0.0036547 0.0042740 0.0054164 0.0036242 0.0000010 0.0037033 0.0040352 0.0000010 0.0000000 0.0035153 0.0021602 0.0000026 0.0000010 0.0058699 0.0062248 0.0013379 0.0000010 0.0021614 0.0028707 0.0021541 0.0021481 0.0009116 0.0100297 0.0140373 0.0043245 0.0206631 0.0172624 0.0257306 0.0186974 0.0164288 0.0164296 0.0007193 0.0058675 0.0043396 0.0141287 0.0141201 0.0080307 0.0065782 0.0133293 0.0127019 0.0195154 0.0000010 0.0000010 0.0030879 0.0000010 0.0010532 0.0012818 0.0000010 0.0000010 0.0000025 0.0000010 0.0000010 0.0000010 0.0000010 0.0000010 0.0000010 0.0000010 0.0000010 0.0000010 0.0110228 0.0028761 0.0164574 0.0187853 0.0260220 0.0195703 0.0179803 0.0285530 0.0407706 0.0187923 0.0235462 0.0235712 0.0179728 0.0187310 0.0027070 0.0023530 0.0021590 0.0029427 0.0000010 0.0021556 0.0163721 0.0022359 0.0007133 0.0101469 0.0028398 0.0076098 0.0096886 0.0106614 0.0106614 0.0068429 0.0106903 0.0009602 0.0106648 0.0107151 0.0000024 0.0091811 0.0107412 0.0035309 0.0000024 0.0000021 0.0018944 0.0096708 0.0103354 0.0056568 0.0084026 0.0030242 0.0107753 0.0132297 0.0028544 0.0116754 0.0101581 0.0109500 0.0022142 0.0077013 0.0100170 0.0000010 0.0106533 0.0102553 0.0097377 0.0000025 0.0113378 0.0099421 0.0114412 0.0106729 0.0107814 0.0106331 0.0105669 0.0028368 0.0010403 0.0000010 0.0023419 0.0007364 0.0096058 0.0022444 0.0007670 0.0107753 0.0113338 0.0099052 0.0098401 0.0100292 0.0093817 0.0102516 0.0098531 0.0092356 0.0096708 0.0100358 0.0102901 0.0100358 0.0099774 0.0121969 0.0009116 0.0094407 0.0096295 0.0123821 0.0022580 0.0096720 0.0095826 0.0096214 0.0103818 0.0144120 0.0095635 0.0109679 0.0014373 0.0000010 0.0094974 0.0094974 0.0095274 0.0023703 0.0000010 0.0000021 0.0007673 0.0155346 0.0136057 0.0103703 0.0192646 0.0101986 0.0102186 0.0092911 0.0135342 0.0148014 0.0106956 0.0031764 0.0122539 0.0095774 0.0106714 0.0104316 0.0105182 0.0100089 
KU174465_Eimeria_apionodes                      0.0330419 0.0575206 0.0474145 0.0035153 0.0248326 0.0035206 0.0035153 0.0067074 0.0063330 0.0086937 0.0047336 0.0047189 0.0047336 0.0056698 0.0035153 0.0035153 0.0000000 0.0000010 0.0023487 0.0035153 0.0059542 0.0106009 0.0029797 0.0035153 0.0047082 0.0023446 0.0047058 0.0046995 0.0052441 0.0108259 0.0195360 0.0047058 0.0261713 0.0225370 0.0428721 0.0261988 0.0247805 0.0273521 0.0035153 0.0071557 0.0023446 0.0234366 0.0234366 0.0095575 0.0071651 0.0183721 0.0199007 0.0261543 0.0035197 0.0035153 0.0119401 0.0035153 0.0082758 0.0056235 0.0035153 0.0035153 0.0035380 0.0035153 0.0041883 0.0035153 0.0027422 0.0035153 0.0035185 0.0035153 0.0035153 0.0000010 0.0120985 0.0000010 0.0263150 0.0276188 0.0346372 0.0263236 0.0236566 0.0432155 0.0571872 0.0276359 0.0275702 0.0318499 0.0223548 0.0249046 0.0025997 0.0023446 0.0000010 0.0023446 0.0045093 0.0000010 0.0184662 0.0000010 0.0046952 0.0108259 0.0000010 0.0116848 0.0107412 0.0093688 0.0093688 0.0108042 0.0121485 0.0053717 0.0093828 0.0121747 0.0039380 0.0096149 0.0094555 0.0000010 0.0039322 0.0035206 0.0065894 0.0107252 0.0108259 0.0063910 0.0120629 0.0000010 0.0108259 0.0133595 0.0000010 0.0093828 0.0102055 0.0108365 0.0000010 0.0118353 0.0108259 0.0035153 0.0093688 0.0108259 0.0108259 0.0042289 0.0108259 0.0108259 0.0102387 0.0093828 0.0094377 0.0108259 0.0090190 0.0000010 0.0045098 0.0070057 0.0000010 0.0046952 0.0108259 0.0071093 0.0046952 0.0108259 0.0134546 0.0108259 0.0108259 0.0108259 0.0120471 0.0120471 0.0108259 0.0120471 0.0107252 0.0108259 0.0120471 0.0108259 0.0108259 0.0103458 0.0052441 0.0118236 0.0108757 0.0138444 0.0000025 0.0108259 0.0108259 0.0108259 0.0117169 0.0108549 0.0108259 0.0108259 0.0059169 0.0035210 0.0108259 0.0108259 0.0108259 0.0046952 0.0035153 0.0035206 0.0046952 0.0175188 0.0192866 0.0120471 0.0167160 0.0121955 0.0108259 0.0116090 0.0108259 0.0151016 0.0094377 0.0011713 0.0153434 0.0110583 0.0108259 0.0108259 0.0120471 0.0110801 
KU174467_Eimeria_apionodes                      0.0235048 0.0312014 0.0357150 0.0029527 0.0159134 0.0021620 0.0021632 0.0061124 0.0032020 0.0043332 0.0028978 0.0037669 0.0029610 0.0030233 0.0021926 0.0021602 0.0000010 0.0000000 0.0014418 0.0021632 0.0051333 0.0071322 0.0013393 0.0021602 0.0043401 0.0021628 0.0036171 0.0043409 0.0036627 0.0092530 0.0149039 0.0036265 0.0207409 0.0166206 0.0283842 0.0196146 0.0156832 0.0172131 0.0028892 0.0051312 0.0036164 0.0148959 0.0148959 0.0073010 0.0058475 0.0126176 0.0128003 0.0188090 0.0021850 0.0022589 0.0062142 0.0021602 0.0042346 0.0051613 0.0021632 0.0021590 0.0021689 0.0022311 0.0025485 0.0022379 0.0012220 0.0022581 0.0022492 0.0021620 0.0021704 0.0000010 0.0103545 0.0000010 0.0173562 0.0197076 0.0254292 0.0189434 0.0188928 0.0295880 0.0419564 0.0197149 0.0245206 0.0245469 0.0173383 0.0196501 0.0018034 0.0015677 0.0000010 0.0022070 0.0039603 0.0000010 0.0184662 0.0000010 0.0028830 0.0093610 0.0000010 0.0087161 0.0106784 0.0096855 0.0096855 0.0078358 0.0116851 0.0038588 0.0096886 0.0117122 0.0028467 0.0084111 0.0097579 0.0008799 0.0028437 0.0022376 0.0047586 0.0106588 0.0095348 0.0047107 0.0091809 0.0007540 0.0100001 0.0123402 0.0000010 0.0106951 0.0092286 0.0101621 0.0000010 0.0088214 0.0092412 0.0022307 0.0096782 0.0094611 0.0089837 0.0030545 0.0105218 0.0091722 0.0103936 0.0096960 0.0097946 0.0098682 0.0096802 0.0000010 0.0041822 0.0035937 0.0000010 0.0029565 0.0088518 0.0045349 0.0030795 0.0100001 0.0102955 0.0091382 0.0090781 0.0092526 0.0101809 0.0110579 0.0090900 0.0100210 0.0106588 0.0092586 0.0111671 0.0092586 0.0092048 0.0113187 0.0036627 0.0083856 0.0096819 0.0137966 0.0000021 0.0089179 0.0088356 0.0088661 0.0114440 0.0136461 0.0088181 0.0101274 0.0036290 0.0021665 0.0088181 0.0088181 0.0088304 0.0047921 0.0023218 0.0023304 0.0031016 0.0175188 0.0148803 0.0112643 0.0179736 0.0110677 0.0094918 0.0081228 0.0128194 0.0134635 0.0097166 0.0007918 0.0133984 0.0086137 0.0098448 0.0096225 0.0114151 0.0090015 
KU174474_Eimeria_apionodes                      0.0235543 0.0312933 0.0357838 0.0007371 0.0159432 0.0000020 0.0000026 0.0000021 0.0032114 0.0043450 0.0029028 0.0000024 0.0029663 0.0030316 0.0000026 0.0000026 0.0023487 0.0014418 0.0000000 0.0000026 0.0051426 0.0062460 0.0013405 0.0000026 0.0021672 0.0021667 0.0014447 0.0021675 0.0009141 0.0092706 0.0134105 0.0036331 0.0199916 0.0166526 0.0259843 0.0181022 0.0157122 0.0157130 0.0007213 0.0051406 0.0036230 0.0134032 0.0134032 0.0073144 0.0058582 0.0111311 0.0120561 0.0173008 0.0000026 0.0000026 0.0031008 0.0000026 0.0010565 0.0012865 0.0000026 0.0000026 0.0000026 0.0000026 0.0000028 0.0000026 0.0000021 0.0000026 0.0000026 0.0000026 0.0000026 0.0000022 0.0103739 0.0019367 0.0158438 0.0181880 0.0254772 0.0189788 0.0173779 0.0280262 0.0403374 0.0181948 0.0229839 0.0230086 0.0173706 0.0181350 0.0018073 0.0015708 0.0014418 0.0022111 0.0000024 0.0014418 0.0143768 0.0014922 0.0007197 0.0093796 0.0018962 0.0065343 0.0087345 0.0097091 0.0097091 0.0058758 0.0097353 0.0009630 0.0097121 0.0097580 0.0000024 0.0084273 0.0097818 0.0026522 0.0000024 0.0000021 0.0018998 0.0087178 0.0095537 0.0047219 0.0076488 0.0022711 0.0100198 0.0123675 0.0019060 0.0107212 0.0092505 0.0101824 0.0014780 0.0066141 0.0092594 0.0000026 0.0097017 0.0094803 0.0090000 0.0000025 0.0105430 0.0091902 0.0104207 0.0097196 0.0098190 0.0098872 0.0097013 0.0018942 0.0010435 0.0000024 0.0015634 0.0007381 0.0088780 0.0022642 0.0007687 0.0100198 0.0103219 0.0091559 0.0090951 0.0092710 0.0086126 0.0094766 0.0091073 0.0084777 0.0087178 0.0092764 0.0094469 0.0092764 0.0092228 0.0113438 0.0009141 0.0084074 0.0089345 0.0110329 0.0015069 0.0089396 0.0088571 0.0088925 0.0093603 0.0136722 0.0088447 0.0101507 0.0014495 0.0000026 0.0088395 0.0088395 0.0088571 0.0023924 0.0000027 0.0000021 0.0007742 0.0135889 0.0123955 0.0096529 0.0180105 0.0093628 0.0095107 0.0081463 0.0128447 0.0134912 0.0097402 0.0023856 0.0111616 0.0086343 0.0098655 0.0096427 0.0096568 0.0090232 
KU174451_Eimeria_apionodes                      0.0244296 0.0325020 0.0364801 0.0007365 0.0166802 0.0000020 0.0000010 0.0036547 0.0042827 0.0054323 0.0036292 0.0000010 0.0037085 0.0040429 0.0000010 0.0000010 0.0035153 0.0021632 0.0000026 0.0000000 0.0058781 0.0062399 0.0013379 0.0000010 0.0021655 0.0028819 0.0014399 0.0021602 0.0009116 0.0100297 0.0141190 0.0043489 0.0206761 0.0173649 0.0258901 0.0188081 0.0164621 0.0164630 0.0007207 0.0058675 0.0043481 0.0141487 0.0141487 0.0080466 0.0065912 0.0118428 0.0127768 0.0180069 0.0000010 0.0000010 0.0030966 0.0000010 0.0010532 0.0012818 0.0000010 0.0000010 0.0000026 0.0000010 0.0000010 0.0000010 0.0000010 0.0000010 0.0000010 0.0000010 0.0000010 0.0000010 0.0110865 0.0028902 0.0165557 0.0188971 0.0261803 0.0196870 0.0180869 0.0287283 0.0410312 0.0189041 0.0236881 0.0237135 0.0180793 0.0188421 0.0027070 0.0023530 0.0021632 0.0029486 0.0000010 0.0021598 0.0163721 0.0022359 0.0007173 0.0101469 0.0028398 0.0076098 0.0096886 0.0106614 0.0106614 0.0068429 0.0106903 0.0009602 0.0106648 0.0107151 0.0000024 0.0091811 0.0107412 0.0035309 0.0000024 0.0000021 0.0018944 0.0096708 0.0103354 0.0056568 0.0084026 0.0030242 0.0107753 0.0132297 0.0028544 0.0116754 0.0101581 0.0109500 0.0022142 0.0077013 0.0100170 0.0000010 0.0106533 0.0102553 0.0097377 0.0000025 0.0113378 0.0099421 0.0114412 0.0106729 0.0107814 0.0106331 0.0105669 0.0028368 0.0010403 0.0000010 0.0023419 0.0007364 0.0096058 0.0022530 0.0007670 0.0107753 0.0113338 0.0099052 0.0098401 0.0100292 0.0093817 0.0102516 0.0098531 0.0092356 0.0096708 0.0100358 0.0102901 0.0100358 0.0099774 0.0121969 0.0009116 0.0094407 0.0096410 0.0123821 0.0022580 0.0096720 0.0095826 0.0096214 0.0103818 0.0144120 0.0095826 0.0110194 0.0014425 0.0000010 0.0095520 0.0095520 0.0095575 0.0023799 0.0000010 0.0000021 0.0007703 0.0155346 0.0136057 0.0104128 0.0194129 0.0101986 0.0102598 0.0092911 0.0135896 0.0149148 0.0106956 0.0031764 0.0122539 0.0095774 0.0106714 0.0104316 0.0105182 0.0100089 
