9
E_falciformis_NPHX01000137.1      0.0000000 0.0327242 0.0442180 0.0214510 0.0251069 0.0403993 0.0366063 0.0364787 0.0364787 
D3A_5Mod_46_F.D3B_5Mod_46_R_ASV_1 0.0327242 0.0000000 0.0106224 0.0105871 0.0141608 0.0070597 0.0035189 0.0035073 0.0035073 
D3A_5Mod_46_F.D3B_5Mod_46_R_ASV_2 0.0442180 0.0106224 0.0000000 0.0214469 0.0251023 0.0105498 0.0070117 0.0142082 0.0142082 
D3A_5Mod_46_F.D3B_5Mod_46_R_ASV_3 0.0214510 0.0105871 0.0214469 0.0000000 0.0034829 0.0178165 0.0142082 0.0141608 0.0141608 
D3A_5Mod_46_F.D3B_5Mod_46_R_ASV_4 0.0251069 0.0141608 0.0251023 0.0034829 0.0000000 0.0214469 0.0178165 0.0177567 0.0177567 
D3A_5Mod_46_F.D3B_5Mod_46_R_ASV_5 0.0403993 0.0070597 0.0105498 0.0178165 0.0214469 0.0000000 0.0034950 0.0106224 0.0106224 
D3A_5Mod_46_F.D3B_5Mod_46_R_ASV_6 0.0366063 0.0035189 0.0070117 0.0142082 0.0178165 0.0034950 0.0000000 0.0070597 0.0070597 
D3A_5Mod_46_F.D3B_5Mod_46_R_ASV_7 0.0364787 0.0035073 0.0142082 0.0141608 0.0177567 0.0106224 0.0070597 0.0000000 0.0070363 
D3A_5Mod_46_F.D3B_5Mod_46_R_ASV_8 0.0364787 0.0035073 0.0142082 0.0141608 0.0177567 0.0106224 0.0070597 0.0070363 0.0000000 
