8
D3A_5Mod_46_F.D3B_5Mod_46_R_ASV_1 0.0000000 0.0106141 0.0105804 0.0141478 0.0070556 0.0035176 0.0035065 0.0035065 
D3A_5Mod_46_F.D3B_5Mod_46_R_ASV_2 0.0106141 0.0000000 0.0214154 0.0250577 0.0105432 0.0070086 0.0141932 0.0141932 
D3A_5Mod_46_F.D3B_5Mod_46_R_ASV_3 0.0105804 0.0214154 0.0000000 0.0034817 0.0177938 0.0141932 0.0141478 0.0141478 
D3A_5Mod_46_F.D3B_5Mod_46_R_ASV_4 0.0141478 0.0250577 0.0034817 0.0000000 0.0214154 0.0177938 0.0177366 0.0177366 
D3A_5Mod_46_F.D3B_5Mod_46_R_ASV_5 0.0070556 0.0105432 0.0177938 0.0214154 0.0000000 0.0034941 0.0106141 0.0106141 
D3A_5Mod_46_F.D3B_5Mod_46_R_ASV_6 0.0035176 0.0070086 0.0141932 0.0177938 0.0034941 0.0000000 0.0070556 0.0070556 
D3A_5Mod_46_F.D3B_5Mod_46_R_ASV_7 0.0035065 0.0141932 0.0141478 0.0177366 0.0106141 0.0070556 0.0000000 0.0070332 
D3A_5Mod_46_F.D3B_5Mod_46_R_ASV_8 0.0035065 0.0141932 0.0141478 0.0177366 0.0106141 0.0070556 0.0070332 0.0000000 
