110
Prot1702_32_F.wang1624CR6S_16_R_ASV_1   0.0000000 0.0086891 0.0000010 0.0000010 0.0000010 0.0000010 0.0000010 0.0000010 0.0000010 0.0000010 0.0000010 0.0000010 0.0000010 0.0000010 0.0000010 0.0000010 0.0048295 0.0048432 0.0000010 0.0114596 0.0000010 0.0048803 0.0000010 0.0000010 0.0000010 0.0000010 0.0000010 0.0053892 0.0000010 0.0000010 0.0000010 0.0000010 0.0000010 0.0060582 0.0000010 0.0048432 0.0000010 0.0000010 0.0000010 0.0000010 0.0000010 0.0049714 0.0000010 0.0000010 0.0000010 0.0000010 0.0000010 0.0000010 0.0000010 0.0109514 0.0000010 0.0000010 0.0000010 0.0000010 0.0000010 0.0000010 0.0000010 0.0255218 0.0000010 0.0000010 0.0000010 0.0000010 0.0000010 0.0000010 0.0000010 0.0069184 0.0000010 0.0000010 0.0000010 0.0000010 0.0256404 0.0000010 0.0000010 0.0000010 0.0000010 0.0000010 0.0000010 0.0000010 0.0000010 0.0352865 0.0352865 0.0352865 0.0132225 0.0352865 0.0141355 0.0000010 0.0349668 0.0150238 0.0135369 0.0150238 0.0161957 0.0244924 0.0118335 0.0118335 0.0315435 0.0188245 0.0192657 0.0189591 0.0349668 0.0239207 0.0190967 0.0352865 0.0132225 0.0349668 0.0150238 0.0118335 0.0161957 0.0273232 0.0282975 0.0236160 
Prot1702_32_F.wang1624CR6S_16_R_ASV_2   0.0086891 0.0000000 0.0151886 0.0000010 0.0352865 0.0352865 0.0352865 0.0000010 0.0349668 0.0349668 0.0352865 0.0146895 0.0356201 0.0349668 0.0146340 0.0000010 0.0097183 0.0196263 0.0364782 0.0472752 0.0151886 0.0197782 0.0000010 0.0141355 0.0349668 0.0135369 0.0128815 0.0218684 0.0146895 0.0384177 0.0352865 0.0380389 0.0128200 0.0246242 0.0119527 0.0196263 0.0119527 0.0132225 0.0127341 0.0142416 0.0134433 0.0201519 0.0135369 0.0141355 0.0349668 0.0135369 0.0380389 0.0135369 0.0146340 0.0277790 0.0000010 0.0120951 0.0000010 0.0121506 0.0118335 0.0120576 0.0384177 0.0387165 0.0116739 0.0000010 0.0116739 0.0116739 0.0117976 0.0000010 0.0215238 0.0281828 0.0000010 0.0194399 0.0187315 0.0000010 0.0456422 0.0000010 0.0344089 0.0275619 0.0000010 0.0183347 0.0151886 0.0344089 0.0000010 0.0000010 0.0000010 0.0000010 0.0000010 0.0000010 0.0000010 0.0000010 0.0000010 0.0000010 0.0000010 0.0000010 0.0000010 0.0000010 0.0000010 0.0000010 0.0077151 0.0000010 0.0000010 0.0000010 0.0000010 0.0058814 0.0047110 0.0000010 0.0000010 0.0000010 0.0000010 0.0000010 0.0000010 0.0154436 0.0175117 0.0116789 
MH751925.1_Eimeria_ferrisi              0.0000010 0.0151886 0.0000000 0.0010612 0.0009424 0.0000010 0.0000010 0.0009565 0.0018870 0.0000010 0.0018902 0.0000023 0.0000010 0.0009401 0.0000010 0.0018607 0.0015193 0.0007590 0.0017016 0.0009418 0.0000010 0.0007619 0.0010736 0.0000010 0.0000010 0.0000010 0.0000010 0.0007848 0.0000010 0.0000010 0.0000010 0.0000010 0.0000010 0.0008549 0.0000010 0.0007590 0.0000010 0.0000010 0.0000010 0.0000010 0.0007762 0.0015343 0.0000010 0.0007587 0.0009401 0.0000010 0.0008332 0.0000010 0.0000010 0.0025284 0.0010203 0.0007626 0.0039758 0.0000010 0.0000010 0.0000010 0.0010078 0.0000010 0.0000010 0.0018164 0.0000010 0.0000010 0.0000010 0.0037021 0.0035813 0.0015845 0.0044233 0.0008254 0.0000010 0.0000010 0.0031383 0.0000010 0.0000010 0.0021513 0.0000010 0.0000010 0.0000010 0.0008506 0.0000010 0.0116362 0.0104987 0.0104874 0.0099836 0.0124253 0.0099747 0.0081750 0.0126144 0.0145126 0.0107466 0.0123140 0.0108491 0.0110401 0.0115538 0.0099855 0.0129987 0.0102753 0.0103149 0.0110809 0.0095198 0.0097387 0.0099776 0.0095689 0.0092020 0.0095095 0.0094378 0.0094836 0.0103634 0.0265228 0.0374789 0.0303905 
MH751927.1_Eimeria_ferrisi              0.0000010 0.0000010 0.0010612 0.0000000 0.0000010 0.0010612 0.0010612 0.0000010 0.0010616 0.0010612 0.0010620 0.0010650 0.0010646 0.0000010 0.0010612 0.0031977 0.0000020 0.0010612 0.0010612 0.0010612 0.0010612 0.0010621 0.0000010 0.0010612 0.0010612 0.0010612 0.0010612 0.0010612 0.0010612 0.0010637 0.0010612 0.0010612 0.0010612 0.0010612 0.0010612 0.0010612 0.0012864 0.0010612 0.0010612 0.0010612 0.0000010 0.0000010 0.0010612 0.0000010 0.0000010 0.0010612 0.0000010 0.0010612 0.0010612 0.0010612 0.0021560 0.0021392 0.0026477 0.0010636 0.0010612 0.0010612 0.0000010 0.0010637 0.0010612 0.0033475 0.0010612 0.0010612 0.0010612 0.0000010 0.0027564 0.0000010 0.0020950 0.0000010 0.0010612 0.0011630 0.0010612 0.0021121 0.0010612 0.0011793 0.0010637 0.0010612 0.0010612 0.0000010 0.0011147 0.0085847 0.0075074 0.0075074 0.0075074 0.0096600 0.0074983 0.0075166 0.0089360 0.0121367 0.0085743 0.0096697 0.0085743 0.0085743 0.0096925 0.0075095 0.0096579 0.0074983 0.0075074 0.0085743 0.0085743 0.0085888 0.0085743 0.0085993 0.0085743 0.0085743 0.0085743 0.0086188 0.0096615 0.0286188 0.0378589 0.0336348 
MH751928.1_Eimeria_ferrisi              0.0000010 0.0352865 0.0009424 0.0000010 0.0000000 0.0009424 0.0009424 0.0000010 0.0009435 0.0009424 0.0009445 0.0009455 0.0009483 0.0000010 0.0009424 0.0028736 0.0009431 0.0009424 0.0009449 0.0009424 0.0009989 0.0009431 0.0000010 0.0009424 0.0009424 0.0009424 0.0009424 0.0009424 0.0009424 0.0010081 0.0009424 0.0009519 0.0009424 0.0009424 0.0009424 0.0009424 0.0011960 0.0009424 0.0009424 0.0009424 0.0000010 0.0000010 0.0009424 0.0000010 0.0000010 0.0009424 0.0000010 0.0009424 0.0009424 0.0009424 0.0020419 0.0018982 0.0026477 0.0009444 0.0009424 0.0009424 0.0000010 0.0009445 0.0009424 0.0031366 0.0009424 0.0009424 0.0009424 0.0019286 0.0025501 0.0000010 0.0018613 0.0000010 0.0009424 0.0011294 0.0028352 0.0018746 0.0009461 0.0011029 0.0009999 0.0009424 0.0009424 0.0000010 0.0010454 0.0106576 0.0095371 0.0095371 0.0095371 0.0114608 0.0095267 0.0071473 0.0115628 0.0153806 0.0104846 0.0114626 0.0104846 0.0104846 0.0114866 0.0095394 0.0114502 0.0095267 0.0095371 0.0104846 0.0104846 0.0105197 0.0104846 0.0105311 0.0104846 0.0104846 0.0104846 0.0105329 0.0114540 0.0294505 0.0385017 0.0352039 
MH751929.1_Eimeria_ferrisi              0.0000010 0.0352865 0.0000010 0.0010612 0.0009424 0.0000000 0.0000010 0.0009565 0.0018881 0.0000010 0.0018902 0.0000028 0.0000010 0.0009414 0.0000010 0.0019127 0.0018859 0.0000010 0.0000010 0.0000010 0.0000010 0.0000010 0.0010736 0.0000010 0.0000010 0.0000010 0.0000010 0.0000010 0.0000010 0.0000010 0.0000010 0.0000010 0.0000010 0.0000010 0.0000010 0.0000010 0.0000010 0.0000010 0.0000010 0.0000010 0.0009414 0.0009414 0.0000010 0.0009414 0.0009414 0.0000010 0.0009468 0.0000010 0.0000010 0.0000010 0.0010203 0.0009476 0.0039758 0.0000010 0.0000010 0.0000010 0.0010078 0.0000010 0.0000010 0.0020879 0.0000010 0.0000010 0.0000010 0.0038547 0.0038298 0.0009414 0.0000010 0.0009414 0.0000010 0.0000010 0.0018869 0.0000010 0.0000010 0.0022077 0.0000010 0.0000010 0.0000010 0.0009414 0.0000010 0.0116362 0.0104987 0.0104874 0.0104874 0.0124253 0.0104758 0.0081750 0.0126246 0.0167977 0.0114338 0.0124134 0.0114338 0.0114338 0.0124398 0.0104898 0.0123999 0.0104758 0.0104874 0.0114338 0.0095267 0.0095482 0.0095164 0.0095689 0.0095164 0.0095164 0.0095164 0.0095601 0.0104830 0.0284541 0.0374535 0.0337703 
MH751930.1_Eimeria_ferrisi              0.0000010 0.0352865 0.0000010 0.0010612 0.0009424 0.0000010 0.0000000 0.0009565 0.0018881 0.0000010 0.0018902 0.0000028 0.0000010 0.0009414 0.0000010 0.0019127 0.0018859 0.0000010 0.0000010 0.0000010 0.0000010 0.0000010 0.0010736 0.0000010 0.0000010 0.0000010 0.0000010 0.0000010 0.0000010 0.0000010 0.0000010 0.0000010 0.0000010 0.0000010 0.0000010 0.0000010 0.0000010 0.0000010 0.0000010 0.0000010 0.0009414 0.0009414 0.0000010 0.0009414 0.0009414 0.0000010 0.0009468 0.0000010 0.0000010 0.0000010 0.0010203 0.0009476 0.0039758 0.0000010 0.0000010 0.0000010 0.0010078 0.0000010 0.0000010 0.0020879 0.0000010 0.0000010 0.0000010 0.0038547 0.0038298 0.0009414 0.0000010 0.0009414 0.0000010 0.0000010 0.0018869 0.0000010 0.0000010 0.0022077 0.0000010 0.0000010 0.0000010 0.0009414 0.0000010 0.0116362 0.0104987 0.0104874 0.0104874 0.0124253 0.0104758 0.0081750 0.0126246 0.0167977 0.0114338 0.0124134 0.0114338 0.0114338 0.0124398 0.0104898 0.0123999 0.0104758 0.0104874 0.0114338 0.0095267 0.0095482 0.0095164 0.0095689 0.0095164 0.0095164 0.0095164 0.0095601 0.0104830 0.0284541 0.0374535 0.0337703 
MH751932.1_Eimeria_ferrisi              0.0000010 0.0000010 0.0009565 0.0000010 0.0000010 0.0009565 0.0009565 0.0000000 0.0009569 0.0009565 0.0009579 0.0009598 0.0009620 0.0000010 0.0009565 0.0028856 0.0000029 0.0009565 0.0009565 0.0009565 0.0010106 0.0009572 0.0000010 0.0009565 0.0009565 0.0009565 0.0009565 0.0009565 0.0009565 0.0010129 0.0009565 0.0009565 0.0009565 0.0009565 0.0009565 0.0009565 0.0012128 0.0009565 0.0009565 0.0009565 0.0000010 0.0000010 0.0009565 0.0000010 0.0000010 0.0009565 0.0000010 0.0009565 0.0009565 0.0009565 0.0020419 0.0019271 0.0026477 0.0009586 0.0009565 0.0009565 0.0000010 0.0009587 0.0009565 0.0031512 0.0009565 0.0009565 0.0009565 0.0000010 0.0025881 0.0000010 0.0018764 0.0000010 0.0009565 0.0011294 0.0028784 0.0018900 0.0009565 0.0011172 0.0010040 0.0009565 0.0009565 0.0000010 0.0010501 0.0078191 0.0067613 0.0067613 0.0067613 0.0086993 0.0067536 0.0071473 0.0084888 0.0113263 0.0077230 0.0087077 0.0077230 0.0077230 0.0087256 0.0067627 0.0086981 0.0067536 0.0067613 0.0077230 0.0077230 0.0077482 0.0077230 0.0077568 0.0077230 0.0077230 0.0077230 0.0077588 0.0087010 0.0257349 0.0360096 0.0313702 
MH751933.1_Eimeria_ferrisi              0.0000010 0.0349668 0.0018870 0.0010616 0.0009435 0.0018881 0.0018881 0.0009569 0.0000000 0.0018870 0.0018909 0.0018926 0.0018987 0.0009423 0.0018870 0.0038386 0.0018886 0.0018870 0.0018932 0.0028334 0.0019987 0.0018884 0.0010741 0.0018870 0.0018870 0.0018870 0.0018870 0.0018870 0.0018870 0.0020190 0.0018881 0.0019060 0.0018870 0.0018870 0.0018870 0.0018870 0.0023934 0.0018870 0.0018870 0.0018870 0.0009423 0.0009423 0.0018870 0.0009423 0.0009423 0.0018870 0.0009489 0.0018870 0.0018870 0.0018870 0.0030667 0.0028504 0.0039778 0.0018909 0.0018870 0.0018870 0.0010082 0.0018911 0.0018870 0.0041915 0.0018870 0.0018870 0.0018870 0.0019315 0.0038274 0.0009423 0.0018640 0.0009423 0.0018870 0.0022621 0.0037846 0.0018773 0.0018933 0.0022069 0.0020034 0.0018870 0.0018870 0.0009423 0.0020950 0.0116406 0.0105104 0.0105104 0.0105026 0.0124300 0.0104912 0.0081782 0.0126186 0.0167889 0.0114507 0.0124321 0.0114507 0.0114507 0.0124580 0.0105052 0.0124186 0.0104912 0.0105026 0.0114507 0.0114507 0.0114891 0.0114507 0.0115099 0.0114507 0.0114507 0.0114507 0.0115035 0.0124227 0.0304447 0.0395358 0.0366346 
MH751935.1_Eimeria_ferrisi              0.0000010 0.0349668 0.0000010 0.0010612 0.0009424 0.0000010 0.0000010 0.0009565 0.0018870 0.0000000 0.0018902 0.0000028 0.0000010 0.0009412 0.0000010 0.0019147 0.0018865 0.0000010 0.0000010 0.0009418 0.0000010 0.0000010 0.0010736 0.0000010 0.0000010 0.0000010 0.0000010 0.0000010 0.0000010 0.0000010 0.0000010 0.0000010 0.0000010 0.0000010 0.0000010 0.0000010 0.0000010 0.0000010 0.0000010 0.0000010 0.0009412 0.0009412 0.0000010 0.0009412 0.0009412 0.0000010 0.0009479 0.0000010 0.0000010 0.0000010 0.0010203 0.0009471 0.0039758 0.0000010 0.0000010 0.0000010 0.0010078 0.0000010 0.0000010 0.0020903 0.0000010 0.0000010 0.0000010 0.0038632 0.0038255 0.0009412 0.0000010 0.0009412 0.0000010 0.0000010 0.0018878 0.0000010 0.0000010 0.0022060 0.0000010 0.0000010 0.0000010 0.0009412 0.0000010 0.0116362 0.0104987 0.0104987 0.0104910 0.0124253 0.0104796 0.0081750 0.0126144 0.0167797 0.0114380 0.0124183 0.0114380 0.0114380 0.0124442 0.0104936 0.0124048 0.0104796 0.0104910 0.0114380 0.0095198 0.0095516 0.0095198 0.0095689 0.0095198 0.0095198 0.0095198 0.0095635 0.0104868 0.0284325 0.0374663 0.0337335 
MH751936.1_Eimeria_ferrisi              0.0000010 0.0352865 0.0018902 0.0010620 0.0009445 0.0018902 0.0018902 0.0009579 0.0018909 0.0018902 0.0000000 0.0018963 0.0018993 0.0009445 0.0018902 0.0038427 0.0018919 0.0018902 0.0018953 0.0018902 0.0020005 0.0018916 0.0010745 0.0018902 0.0018902 0.0018902 0.0018902 0.0018902 0.0018902 0.0020197 0.0018902 0.0019071 0.0018902 0.0018902 0.0018902 0.0018902 0.0023959 0.0018902 0.0018902 0.0018902 0.0009445 0.0009445 0.0018902 0.0009445 0.0009445 0.0018902 0.0009500 0.0018902 0.0018902 0.0018902 0.0030678 0.0028554 0.0039795 0.0018941 0.0018902 0.0018902 0.0010085 0.0018943 0.0018902 0.0041965 0.0018902 0.0018902 0.0018902 0.0038802 0.0038333 0.0009445 0.0037440 0.0009445 0.0018902 0.0022629 0.0037903 0.0037710 0.0018968 0.0022094 0.0020057 0.0018902 0.0018902 0.0009445 0.0020966 0.0116442 0.0105216 0.0105216 0.0105216 0.0124432 0.0105100 0.0081809 0.0126341 0.0153806 0.0114711 0.0124541 0.0114711 0.0114711 0.0124805 0.0105240 0.0124405 0.0105100 0.0105216 0.0114711 0.0114711 0.0115009 0.0114711 0.0115135 0.0114711 0.0114711 0.0114711 0.0115243 0.0124446 0.0305010 0.0396095 0.0352039 
MH751938.1_Eimeria_ferrisi              0.0000010 0.0146895 0.0000023 0.0010650 0.0009455 0.0000028 0.0000028 0.0009598 0.0018926 0.0000028 0.0018963 0.0000000 0.0000028 0.0009438 0.0000024 0.0009320 0.0014933 0.0007491 0.0017065 0.0009453 0.0000026 0.0007605 0.0010777 0.0000023 0.0000028 0.0000024 0.0000023 0.0007865 0.0000023 0.0000029 0.0000028 0.0000028 0.0007557 0.0008575 0.0000023 0.0007491 0.0000028 0.0000023 0.0000023 0.0000023 0.0007739 0.0015358 0.0000023 0.0007557 0.0009438 0.0000023 0.0008347 0.0000023 0.0000023 0.0025355 0.0010228 0.0007500 0.0039939 0.0000023 0.0000023 0.0000023 0.0010114 0.0000023 0.0000023 0.0017918 0.0000023 0.0000023 0.0000023 0.0037264 0.0035960 0.0015656 0.0043268 0.0008277 0.0000023 0.0000020 0.0031015 0.0000021 0.0000028 0.0021592 0.0000027 0.0000024 0.0000024 0.0008526 0.0000027 0.0106861 0.0095616 0.0095512 0.0091683 0.0114903 0.0090457 0.0071671 0.0115853 0.0132986 0.0098035 0.0113803 0.0100738 0.0101376 0.0105931 0.0090552 0.0120240 0.0093621 0.0093973 0.0101556 0.0085829 0.0088681 0.0091630 0.0086271 0.0083134 0.0085736 0.0086495 0.0086605 0.0095809 0.0273544 0.0367936 0.0290257 
MH751939.1_Eimeria_ferrisi              0.0000010 0.0356201 0.0000010 0.0010646 0.0009483 0.0000010 0.0000010 0.0009620 0.0018987 0.0000010 0.0018993 0.0000028 0.0000000 0.0009483 0.0000010 0.0019261 0.0018996 0.0000010 0.0000010 0.0000010 0.0000010 0.0000010 0.0010759 0.0000010 0.0000010 0.0000010 0.0000010 0.0000010 0.0000010 0.0000010 0.0000010 0.0000010 0.0000010 0.0000010 0.0000010 0.0000010 0.0000010 0.0000010 0.0000010 0.0000010 0.0009483 0.0009483 0.0000010 0.0009483 0.0009483 0.0000010 0.0009539 0.0000010 0.0000010 0.0000010 0.0010244 0.0009545 0.0039758 0.0000010 0.0000010 0.0000010 0.0010118 0.0000010 0.0000010 0.0021027 0.0000010 0.0000010 0.0000010 0.0039066 0.0038336 0.0009483 0.0000010 0.0009483 0.0000010 0.0000010 0.0019009 0.0000010 0.0000010 0.0022096 0.0000010 0.0000010 0.0000010 0.0009483 0.0000010 0.0116916 0.0105646 0.0105646 0.0105646 0.0124942 0.0105530 0.0082168 0.0126607 0.0168163 0.0115181 0.0125053 0.0115181 0.0115181 0.0125318 0.0105672 0.0124916 0.0105530 0.0105646 0.0115181 0.0095864 0.0095936 0.0095864 0.0096114 0.0095864 0.0095864 0.0095864 0.0096307 0.0105603 0.0286159 0.0377385 0.0338082 
MH751944.1_Eimeria_ferrisi              0.0000010 0.0349668 0.0009401 0.0000010 0.0000010 0.0009414 0.0009414 0.0000010 0.0009423 0.0009412 0.0009445 0.0009438 0.0009483 0.0000000 0.0009401 0.0028705 0.0009415 0.0009401 0.0009439 0.0018856 0.0009982 0.0009409 0.0000010 0.0009401 0.0009401 0.0009401 0.0009401 0.0009401 0.0009401 0.0010081 0.0009424 0.0009519 0.0009401 0.0009401 0.0009401 0.0009401 0.0011951 0.0009401 0.0009401 0.0009401 0.0000010 0.0000010 0.0009401 0.0000010 0.0000010 0.0009401 0.0000010 0.0009401 0.0009401 0.0009401 0.0020419 0.0018948 0.0026477 0.0009422 0.0009401 0.0009401 0.0000010 0.0009423 0.0009401 0.0031336 0.0009401 0.0009401 0.0009401 0.0019244 0.0025479 0.0000010 0.0018574 0.0000010 0.0009401 0.0011294 0.0028300 0.0018707 0.0009456 0.0011020 0.0009987 0.0009401 0.0009401 0.0000010 0.0010441 0.0106576 0.0095371 0.0095268 0.0095198 0.0114608 0.0095095 0.0071473 0.0115527 0.0153640 0.0104657 0.0114421 0.0104657 0.0104657 0.0114657 0.0095221 0.0114297 0.0095095 0.0095198 0.0104657 0.0104770 0.0105007 0.0104657 0.0105311 0.0104657 0.0104657 0.0104657 0.0105138 0.0114335 0.0294281 0.0384296 0.0351657 
MH751945.1_Eimeria_ferrisi              0.0000010 0.0146340 0.0000010 0.0010612 0.0009424 0.0000010 0.0000010 0.0009565 0.0018870 0.0000010 0.0018902 0.0000024 0.0000010 0.0009401 0.0000000 0.0018607 0.0015467 0.0007730 0.0017108 0.0009418 0.0000010 0.0007736 0.0010736 0.0000010 0.0000010 0.0000010 0.0000010 0.0007857 0.0000010 0.0000010 0.0000010 0.0000010 0.0000010 0.0008549 0.0000010 0.0007730 0.0000010 0.0000010 0.0000010 0.0000010 0.0007727 0.0015531 0.0000010 0.0007727 0.0009401 0.0000010 0.0008560 0.0000010 0.0000010 0.0025284 0.0010203 0.0007768 0.0039758 0.0000010 0.0000010 0.0000010 0.0010078 0.0000010 0.0000010 0.0018689 0.0000010 0.0000010 0.0000010 0.0037021 0.0035813 0.0016239 0.0015413 0.0008254 0.0000010 0.0000010 0.0032174 0.0000010 0.0000010 0.0021513 0.0000010 0.0000010 0.0000010 0.0008506 0.0000010 0.0116362 0.0104987 0.0104874 0.0101672 0.0124253 0.0101588 0.0081750 0.0126144 0.0144748 0.0109441 0.0125946 0.0111165 0.0110401 0.0117667 0.0101699 0.0133354 0.0105343 0.0105751 0.0113599 0.0095198 0.0097387 0.0101617 0.0095689 0.0093708 0.0095095 0.0094218 0.0094281 0.0103634 0.0272545 0.0363141 0.0313652 
MH751946.1_Eimeria_ferrisi              0.0000010 0.0000010 0.0018607 0.0031977 0.0028736 0.0019127 0.0019127 0.0028856 0.0038386 0.0019147 0.0038427 0.0009320 0.0019261 0.0028705 0.0018607 0.0000000 0.0027951 0.0018607 0.0027949 0.0019147 0.0020315 0.0018621 0.0032357 0.0018607 0.0019127 0.0018607 0.0018607 0.0018607 0.0018607 0.0020362 0.0019147 0.0019227 0.0018607 0.0018607 0.0018607 0.0018607 0.0024407 0.0018607 0.0018607 0.0018607 0.0027923 0.0027923 0.0018607 0.0027923 0.0028705 0.0018607 0.0027923 0.0018607 0.0018607 0.0027949 0.0030744 0.0028102 0.0066633 0.0018645 0.0018607 0.0018607 0.0030547 0.0018647 0.0018607 0.0040695 0.0018607 0.0018607 0.0018607 0.0074477 0.0065253 0.0027923 0.0053276 0.0027923 0.0018607 0.0022675 0.0027940 0.0035707 0.0019227 0.0045007 0.0019476 0.0018607 0.0018607 0.0027923 0.0020336 0.0068486 0.0057769 0.0057706 0.0056133 0.0077137 0.0056074 0.0061239 0.0074358 0.0099248 0.0065452 0.0084424 0.0065452 0.0067281 0.0075115 0.0056147 0.0074884 0.0056074 0.0056133 0.0065452 0.0048052 0.0048161 0.0046693 0.0048267 0.0046693 0.0047999 0.0046693 0.0046903 0.0056111 0.0248027 0.0339174 0.0270785 
MH751947.1_Eimeria_ferrisi              0.0048295 0.0097183 0.0015193 0.0000020 0.0009431 0.0018859 0.0018859 0.0000029 0.0018886 0.0018865 0.0018919 0.0014933 0.0018996 0.0009415 0.0015467 0.0027951 0.0000000 0.0022443 0.0034096 0.0028327 0.0017979 0.0022796 0.0000020 0.0015086 0.0018845 0.0015549 0.0014899 0.0023584 0.0014907 0.0020200 0.0018879 0.0019069 0.0022639 0.0025704 0.0014899 0.0022443 0.0020957 0.0015086 0.0015086 0.0015086 0.0007723 0.0015325 0.0014946 0.0007538 0.0009415 0.0015221 0.0008332 0.0015221 0.0014946 0.0042219 0.0020444 0.0022477 0.0026516 0.0014953 0.0014899 0.0014899 0.0010082 0.0014954 0.0014899 0.0026836 0.0014899 0.0014899 0.0014899 0.0018522 0.0035851 0.0015625 0.0057548 0.0008260 0.0015415 0.0011304 0.0046489 0.0014383 0.0018918 0.0021533 0.0009322 0.0015960 0.0015606 0.0008512 0.0009732 0.0096925 0.0085854 0.0085761 0.0083843 0.0105085 0.0082723 0.0071557 0.0105068 0.0120550 0.0090280 0.0106026 0.0092819 0.0091961 0.0098133 0.0082810 0.0112012 0.0085662 0.0085983 0.0093571 0.0095277 0.0097462 0.0099130 0.0095770 0.0090570 0.0095174 0.0094279 0.0094349 0.0103701 0.0272752 0.0375243 0.0301706 
MH751949.1_Eimeria_ferrisi              0.0048432 0.0196263 0.0007590 0.0010612 0.0009424 0.0000010 0.0000010 0.0009565 0.0018870 0.0000010 0.0018902 0.0007491 0.0000010 0.0009401 0.0007730 0.0018607 0.0022443 0.0000000 0.0017016 0.0009418 0.0008986 0.0000010 0.0010736 0.0007537 0.0000010 0.0007764 0.0007467 0.0000010 0.0007472 0.0000010 0.0000010 0.0000010 0.0015079 0.0000010 0.0007467 0.0000010 0.0010468 0.0007537 0.0007537 0.0007537 0.0015449 0.0007648 0.0007467 0.0015079 0.0009401 0.0007604 0.0008318 0.0007604 0.0007467 0.0016834 0.0010203 0.0015018 0.0039758 0.0007480 0.0007467 0.0007467 0.0010078 0.0007480 0.0007467 0.0017932 0.0007467 0.0007467 0.0007467 0.0037021 0.0047816 0.0023522 0.0043320 0.0016524 0.0007727 0.0000010 0.0038837 0.0000010 0.0000010 0.0032310 0.0000010 0.0007970 0.0007800 0.0008506 0.0000010 0.0116362 0.0104987 0.0104874 0.0106842 0.0124253 0.0105748 0.0081750 0.0126144 0.0157033 0.0113349 0.0129324 0.0116173 0.0119729 0.0121318 0.0105862 0.0136660 0.0109527 0.0109940 0.0117503 0.0095198 0.0088409 0.0091339 0.0095689 0.0098140 0.0095095 0.0102160 0.0102231 0.0111713 0.0281628 0.0384783 0.0326184 
MH751950.1_Eimeria_ferrisi              0.0000010 0.0364782 0.0017016 0.0010612 0.0009449 0.0000010 0.0000010 0.0009565 0.0018932 0.0000010 0.0018953 0.0017065 0.0000010 0.0009439 0.0017108 0.0027949 0.0034096 0.0017016 0.0000000 0.0000010 0.0000010 0.0017027 0.0010736 0.0017016 0.0000010 0.0017207 0.0017016 0.0017085 0.0017016 0.0000010 0.0000010 0.0000010 0.0017016 0.0009194 0.0017016 0.0017016 0.0000010 0.0017016 0.0017016 0.0017016 0.0025634 0.0025535 0.0017016 0.0025535 0.0009439 0.0017016 0.0025608 0.0017016 0.0017016 0.0000010 0.0010203 0.0025686 0.0039758 0.0017047 0.0017016 0.0017016 0.0010078 0.0017049 0.0017016 0.0037263 0.0017016 0.0017016 0.0017016 0.0055700 0.0038435 0.0025535 0.0061414 0.0026401 0.0017016 0.0000010 0.0034116 0.0030744 0.0000010 0.0022146 0.0018667 0.0017085 0.0017168 0.0025686 0.0019490 0.0116677 0.0105268 0.0105154 0.0129401 0.0124585 0.0129275 0.0081750 0.0126618 0.0168635 0.0137957 0.0155663 0.0137957 0.0114643 0.0147144 0.0129430 0.0146726 0.0129275 0.0129401 0.0137957 0.0095521 0.0095737 0.0120574 0.0095946 0.0120574 0.0095417 0.0121403 0.0122059 0.0130620 0.0285319 0.0402142 0.0339029 
MH751953.1_Eimeria_ferrisi              0.0114596 0.0472752 0.0009418 0.0010612 0.0009424 0.0000010 0.0000010 0.0009565 0.0028334 0.0009418 0.0018902 0.0009453 0.0000010 0.0018856 0.0009418 0.0019147 0.0028327 0.0009418 0.0000010 0.0000000 0.0009988 0.0009426 0.0010736 0.0009418 0.0009418 0.0009418 0.0009418 0.0009418 0.0009418 0.0000010 0.0000010 0.0000010 0.0009418 0.0009418 0.0009418 0.0009418 0.0011959 0.0009418 0.0009418 0.0009418 0.0018856 0.0018856 0.0009418 0.0018856 0.0018856 0.0009418 0.0009479 0.0009418 0.0009418 0.0009418 0.0010203 0.0018979 0.0039758 0.0009439 0.0009418 0.0009418 0.0010078 0.0009440 0.0009418 0.0020903 0.0009418 0.0009418 0.0009418 0.0038632 0.0051089 0.0018856 0.0000010 0.0018856 0.0009418 0.0000010 0.0028347 0.0000010 0.0009462 0.0033130 0.0000010 0.0009418 0.0009418 0.0018856 0.0000010 0.0116362 0.0104987 0.0104987 0.0114573 0.0124253 0.0114448 0.0081750 0.0136822 0.0182075 0.0124046 0.0133879 0.0124046 0.0124046 0.0134162 0.0114600 0.0133733 0.0114448 0.0114573 0.0124046 0.0104831 0.0105182 0.0104831 0.0095689 0.0104831 0.0104831 0.0104831 0.0105313 0.0114526 0.0294463 0.0384964 0.0351972 
MH751954.1_Eimeria_ferrisi              0.0000010 0.0151886 0.0000010 0.0010612 0.0009989 0.0000010 0.0000010 0.0010106 0.0019987 0.0000010 0.0020005 0.0000026 0.0000010 0.0009982 0.0000010 0.0020315 0.0017979 0.0008986 0.0000010 0.0009988 0.0000000 0.0008992 0.0010736 0.0000010 0.0000010 0.0000010 0.0000010 0.0009095 0.0000010 0.0000010 0.0000010 0.0000010 0.0000010 0.0009263 0.0000010 0.0008986 0.0000010 0.0000010 0.0000010 0.0000010 0.0008981 0.0017980 0.0000010 0.0008981 0.0009982 0.0000010 0.0010050 0.0000010 0.0000010 0.0018239 0.0010284 0.0009037 0.0039758 0.0000010 0.0000010 0.0000010 0.0010094 0.0000010 0.0000010 0.0022295 0.0000010 0.0000010 0.0000010 0.0021765 0.0035813 0.0018900 0.0000010 0.0009340 0.0000010 0.0000010 0.0037384 0.0000010 0.0000010 0.0021513 0.0000010 0.0000010 0.0000010 0.0009968 0.0000010 0.0121562 0.0111372 0.0111372 0.0099986 0.0131719 0.0099879 0.0082489 0.0126144 0.0145126 0.0109017 0.0118349 0.0110247 0.0116982 0.0118581 0.0100008 0.0136068 0.0103461 0.0103931 0.0113048 0.0100972 0.0102775 0.0099913 0.0101328 0.0090736 0.0100972 0.0090736 0.0091134 0.0101067 0.0278679 0.0366324 0.0303905 
MH751955.1_Eimeria_ferrisi              0.0048803 0.0197782 0.0007619 0.0010621 0.0009431 0.0000010 0.0000010 0.0009572 0.0018884 0.0000010 0.0018916 0.0007605 0.0000010 0.0009409 0.0007736 0.0018621 0.0022796 0.0000010 0.0017027 0.0009426 0.0008992 0.0000000 0.0010746 0.0007585 0.0000010 0.0007779 0.0007585 0.0000010 0.0007585 0.0000010 0.0000010 0.0000010 0.0007585 0.0000010 0.0007585 0.0000010 0.0010494 0.0007585 0.0007585 0.0007585 0.0015477 0.0007653 0.0007585 0.0015176 0.0009409 0.0007618 0.0008368 0.0007618 0.0007585 0.0016845 0.0010212 0.0015256 0.0039799 0.0007598 0.0007585 0.0007585 0.0010086 0.0007598 0.0007585 0.0018245 0.0007585 0.0007585 0.0007585 0.0037076 0.0047861 0.0023881 0.0044554 0.0016535 0.0007843 0.0000010 0.0039424 0.0000010 0.0000010 0.0032337 0.0000010 0.0007976 0.0007805 0.0008511 0.0000010 0.0116451 0.0105067 0.0104953 0.0107528 0.0124347 0.0107434 0.0081816 0.0126239 0.0157182 0.0115157 0.0131237 0.0116787 0.0119816 0.0123254 0.0107550 0.0138798 0.0111194 0.0111619 0.0119295 0.0095269 0.0088472 0.0091921 0.0095761 0.0099699 0.0095166 0.0102222 0.0102420 0.0111784 0.0282215 0.0391149 0.0327120 
MH751958.1_Eimeria_ferrisi              0.0000010 0.0000010 0.0010736 0.0000010 0.0000010 0.0010736 0.0010736 0.0000010 0.0010741 0.0010736 0.0010745 0.0010777 0.0010759 0.0000010 0.0010736 0.0032357 0.0000020 0.0010736 0.0010736 0.0010736 0.0010736 0.0010746 0.0000000 0.0010736 0.0010736 0.0010736 0.0010736 0.0010736 0.0010736 0.0010736 0.0010736 0.0010736 0.0010736 0.0010736 0.0010736 0.0010736 0.0012921 0.0010736 0.0010736 0.0010736 0.0000010 0.0000010 0.0010736 0.0000010 0.0000010 0.0010736 0.0000010 0.0010736 0.0010736 0.0010736 0.0021820 0.0021648 0.0026517 0.0010762 0.0010736 0.0010736 0.0000010 0.0010763 0.0010736 0.0033806 0.0010736 0.0010736 0.0010736 0.0000010 0.0027696 0.0000010 0.0021346 0.0000010 0.0010736 0.0011677 0.0010736 0.0021522 0.0010736 0.0011841 0.0010736 0.0010736 0.0010736 0.0000010 0.0011262 0.0086877 0.0075974 0.0075974 0.0075974 0.0097758 0.0075880 0.0076067 0.0089700 0.0121997 0.0086770 0.0097859 0.0086770 0.0086770 0.0098090 0.0075995 0.0097739 0.0075880 0.0075974 0.0086770 0.0086770 0.0086919 0.0086770 0.0087026 0.0086770 0.0086770 0.0086770 0.0087225 0.0097775 0.0289335 0.0383283 0.0338095 
MH751959.1_Eimeria_ferrisi              0.0000010 0.0141355 0.0000010 0.0010612 0.0009424 0.0000010 0.0000010 0.0009565 0.0018870 0.0000010 0.0018902 0.0000023 0.0000010 0.0009401 0.0000010 0.0018607 0.0015086 0.0007537 0.0017016 0.0009418 0.0000010 0.0007585 0.0010736 0.0000000 0.0000010 0.0000010 0.0000010 0.0007848 0.0000010 0.0000010 0.0000010 0.0000010 0.0000010 0.0008549 0.0000010 0.0007537 0.0000010 0.0000010 0.0000010 0.0000010 0.0007667 0.0015311 0.0000010 0.0007493 0.0009401 0.0000010 0.0008318 0.0000010 0.0000010 0.0025284 0.0010203 0.0007532 0.0039758 0.0000010 0.0000010 0.0000010 0.0010078 0.0000010 0.0000010 0.0018133 0.0000010 0.0000010 0.0000010 0.0037021 0.0035813 0.0015820 0.0044108 0.0008254 0.0000010 0.0000010 0.0031335 0.0000010 0.0000010 0.0021513 0.0000010 0.0000010 0.0000010 0.0008506 0.0000010 0.0116362 0.0104987 0.0104874 0.0098578 0.0124253 0.0098493 0.0081750 0.0126144 0.0144748 0.0106112 0.0122761 0.0108329 0.0110401 0.0114077 0.0098597 0.0129789 0.0102594 0.0102992 0.0110641 0.0095198 0.0097387 0.0098637 0.0095689 0.0090859 0.0095095 0.0094218 0.0093748 0.0103634 0.0279848 0.0386339 0.0323362 
MH751961.1_Eimeria_ferrisi              0.0000010 0.0349668 0.0000010 0.0010612 0.0009424 0.0000010 0.0000010 0.0009565 0.0018870 0.0000010 0.0018902 0.0000028 0.0000010 0.0009401 0.0000010 0.0019127 0.0018845 0.0000010 0.0000010 0.0009418 0.0000010 0.0000010 0.0010736 0.0000010 0.0000000 0.0000010 0.0000010 0.0000010 0.0000010 0.0000010 0.0000010 0.0000010 0.0000010 0.0000010 0.0000010 0.0000010 0.0000010 0.0000010 0.0000010 0.0000010 0.0009401 0.0009401 0.0000010 0.0009401 0.0009401 0.0000010 0.0009468 0.0000010 0.0000010 0.0000010 0.0010203 0.0009459 0.0039758 0.0000010 0.0000010 0.0000010 0.0010078 0.0000010 0.0000010 0.0020879 0.0000010 0.0000010 0.0000010 0.0038547 0.0038255 0.0009401 0.0000010 0.0009401 0.0000010 0.0000010 0.0018858 0.0000010 0.0000010 0.0022060 0.0000010 0.0000010 0.0000010 0.0009401 0.0000010 0.0116362 0.0104987 0.0104874 0.0104797 0.0124253 0.0104683 0.0081750 0.0126144 0.0167797 0.0114257 0.0124048 0.0114257 0.0114257 0.0124307 0.0104823 0.0123914 0.0104683 0.0104797 0.0114257 0.0095198 0.0095412 0.0095095 0.0095689 0.0095095 0.0095095 0.0095095 0.0095531 0.0104755 0.0284325 0.0374248 0.0337335 
MH751962.1_Eimeria_ferrisi              0.0000010 0.0135369 0.0000010 0.0010612 0.0009424 0.0000010 0.0000010 0.0009565 0.0018870 0.0000010 0.0018902 0.0000024 0.0000010 0.0009401 0.0000010 0.0018607 0.0015549 0.0007764 0.0017207 0.0009418 0.0000010 0.0007779 0.0010736 0.0000010 0.0000010 0.0000000 0.0000010 0.0007899 0.0000010 0.0000010 0.0000010 0.0000010 0.0000010 0.0008549 0.0000010 0.0007764 0.0000010 0.0000010 0.0000010 0.0000010 0.0007660 0.0015613 0.0000010 0.0007719 0.0009401 0.0000010 0.0008610 0.0000010 0.0000010 0.0025284 0.0010203 0.0007699 0.0039758 0.0000010 0.0000010 0.0000010 0.0010078 0.0000010 0.0000010 0.0018809 0.0000010 0.0000010 0.0000010 0.0037021 0.0035813 0.0016331 0.0015566 0.0008254 0.0000010 0.0000010 0.0032349 0.0000010 0.0000010 0.0021513 0.0000010 0.0000010 0.0000010 0.0008549 0.0000010 0.0116362 0.0104987 0.0104874 0.0100893 0.0124253 0.0101548 0.0081750 0.0126144 0.0144748 0.0108608 0.0126619 0.0111763 0.0110401 0.0116763 0.0100914 0.0134107 0.0105915 0.0106335 0.0114216 0.0095198 0.0097387 0.0101703 0.0095689 0.0092995 0.0095095 0.0094605 0.0093340 0.0103793 0.0277575 0.0368641 0.0319776 
MH751963.1_Eimeria_ferrisi              0.0000010 0.0128815 0.0000010 0.0010612 0.0009424 0.0000010 0.0000010 0.0009565 0.0018870 0.0000010 0.0018902 0.0000023 0.0000010 0.0009401 0.0000010 0.0018607 0.0014899 0.0007467 0.0017016 0.0009418 0.0000010 0.0007585 0.0010736 0.0000010 0.0000010 0.0000010 0.0000000 0.0007848 0.0000010 0.0000010 0.0000010 0.0000010 0.0007378 0.0008549 0.0000010 0.0007467 0.0000010 0.0000010 0.0000010 0.0000010 0.0007611 0.0015311 0.0000010 0.0007493 0.0009401 0.0000010 0.0008318 0.0000010 0.0000010 0.0025284 0.0010203 0.0007325 0.0039758 0.0000010 0.0000010 0.0000010 0.0010078 0.0007319 0.0000010 0.0017864 0.0000010 0.0000010 0.0000010 0.0037021 0.0035813 0.0015615 0.0043056 0.0008254 0.0000010 0.0000010 0.0030931 0.0000010 0.0000010 0.0021513 0.0000010 0.0000010 0.0000010 0.0008506 0.0000010 0.0116362 0.0104987 0.0104874 0.0097494 0.0124253 0.0097269 0.0081750 0.0126144 0.0144748 0.0104062 0.0121215 0.0108329 0.0110401 0.0110934 0.0095888 0.0128063 0.0101264 0.0101654 0.0109207 0.0095198 0.0097387 0.0098637 0.0095689 0.0089040 0.0095095 0.0094218 0.0092260 0.0103634 0.0274887 0.0375314 0.0315560 
MH751965.1_Eimeria_ferrisi              0.0053892 0.0218684 0.0007848 0.0010612 0.0009424 0.0000010 0.0000010 0.0009565 0.0018870 0.0000010 0.0018902 0.0007865 0.0000010 0.0009401 0.0007857 0.0018607 0.0023584 0.0000010 0.0017085 0.0009418 0.0009095 0.0000010 0.0010736 0.0007848 0.0000010 0.0007899 0.0007848 0.0000000 0.0007848 0.0000010 0.0000010 0.0000010 0.0007848 0.0000010 0.0007848 0.0000010 0.0010701 0.0007848 0.0007848 0.0007848 0.0015702 0.0007842 0.0007848 0.0015702 0.0009401 0.0007848 0.0008549 0.0007848 0.0007848 0.0016834 0.0010203 0.0015780 0.0039758 0.0007861 0.0007848 0.0007848 0.0010078 0.0007862 0.0007848 0.0018662 0.0007848 0.0007848 0.0007848 0.0037021 0.0047816 0.0024360 0.0015377 0.0016524 0.0007993 0.0000010 0.0040205 0.0000010 0.0000010 0.0032310 0.0000010 0.0007970 0.0007882 0.0008506 0.0000010 0.0116362 0.0104987 0.0104874 0.0111285 0.0124253 0.0111185 0.0081750 0.0126144 0.0160046 0.0119177 0.0135439 0.0119177 0.0119729 0.0127574 0.0111308 0.0141644 0.0113412 0.0113850 0.0121673 0.0095198 0.0088409 0.0095126 0.0095689 0.0103168 0.0095095 0.0103425 0.0103935 0.0111815 0.0268565 0.0360551 0.0309189 
MH751966.1_Eimeria_ferrisi              0.0000010 0.0146895 0.0000010 0.0010612 0.0009424 0.0000010 0.0000010 0.0009565 0.0018870 0.0000010 0.0018902 0.0000023 0.0000010 0.0009401 0.0000010 0.0018607 0.0014907 0.0007472 0.0017016 0.0009418 0.0000010 0.0007585 0.0010736 0.0000010 0.0000010 0.0000010 0.0000010 0.0007848 0.0000000 0.0000010 0.0000010 0.0000010 0.0007538 0.0008549 0.0000010 0.0007472 0.0000010 0.0000010 0.0000010 0.0000010 0.0007722 0.0015311 0.0000010 0.0007538 0.0009401 0.0000010 0.0008318 0.0000010 0.0000010 0.0025284 0.0010203 0.0007476 0.0039758 0.0000010 0.0000010 0.0000010 0.0010078 0.0000010 0.0000010 0.0017846 0.0000010 0.0000010 0.0000010 0.0037021 0.0035813 0.0015601 0.0042986 0.0008254 0.0000010 0.0000010 0.0030903 0.0000010 0.0000010 0.0021513 0.0000010 0.0000010 0.0000010 0.0008506 0.0000010 0.0116362 0.0104987 0.0104874 0.0099180 0.0124253 0.0097772 0.0081750 0.0126144 0.0144748 0.0105336 0.0121112 0.0108329 0.0110401 0.0113238 0.0097875 0.0127947 0.0101185 0.0101564 0.0109110 0.0095198 0.0097387 0.0099123 0.0095689 0.0090557 0.0095095 0.0094218 0.0094338 0.0103634 0.0272730 0.0375219 0.0313946 
MH751967.1_Eimeria_ferrisi              0.0000010 0.0384177 0.0000010 0.0010637 0.0010081 0.0000010 0.0000010 0.0010129 0.0020190 0.0000010 0.0020197 0.0000029 0.0000010 0.0010081 0.0000010 0.0020362 0.0020200 0.0000010 0.0000010 0.0000010 0.0000010 0.0000010 0.0010736 0.0000010 0.0000010 0.0000010 0.0000010 0.0000010 0.0000010 0.0000000 0.0000010 0.0000010 0.0000010 0.0000010 0.0000010 0.0000010 0.0000010 0.0000010 0.0000010 0.0000010 0.0010081 0.0010081 0.0000010 0.0010081 0.0010081 0.0000010 0.0010081 0.0000010 0.0000010 0.0000010 0.0010314 0.0010151 0.0039758 0.0000010 0.0000010 0.0000010 0.0010118 0.0000010 0.0000010 0.0022354 0.0000010 0.0000010 0.0000010 0.0021873 0.0038642 0.0010081 0.0000010 0.0010081 0.0000010 0.0000010 0.0020215 0.0000010 0.0000010 0.0022246 0.0000010 0.0000010 0.0000010 0.0010081 0.0000010 0.0122708 0.0112423 0.0112423 0.0112423 0.0132961 0.0112292 0.0082682 0.0127177 0.0169626 0.0122566 0.0133091 0.0122566 0.0122566 0.0133388 0.0112452 0.0132936 0.0112292 0.0112423 0.0122566 0.0102001 0.0102165 0.0102001 0.0102284 0.0102001 0.0102001 0.0102001 0.0102503 0.0112374 0.0292917 0.0391656 0.0341028 
MH751968.1_Eimeria_ferrisi              0.0000010 0.0352865 0.0000010 0.0010612 0.0009424 0.0000010 0.0000010 0.0009565 0.0018881 0.0000010 0.0018902 0.0000028 0.0000010 0.0009424 0.0000010 0.0019147 0.0018879 0.0000010 0.0000010 0.0000010 0.0000010 0.0000010 0.0010736 0.0000010 0.0000010 0.0000010 0.0000010 0.0000010 0.0000010 0.0000010 0.0000000 0.0000010 0.0000010 0.0000010 0.0000010 0.0000010 0.0000010 0.0000010 0.0000010 0.0000010 0.0009424 0.0009424 0.0000010 0.0009424 0.0009424 0.0000010 0.0009479 0.0000010 0.0000010 0.0000010 0.0010203 0.0009486 0.0039758 0.0000010 0.0000010 0.0000010 0.0010078 0.0000010 0.0000010 0.0020903 0.0000010 0.0000010 0.0000010 0.0038632 0.0038298 0.0009424 0.0000010 0.0009424 0.0000010 0.0000010 0.0018890 0.0000010 0.0000010 0.0022077 0.0000010 0.0000010 0.0000010 0.0009424 0.0000010 0.0116362 0.0104987 0.0104987 0.0104987 0.0124253 0.0104872 0.0081750 0.0126246 0.0167977 0.0114461 0.0124269 0.0114461 0.0114461 0.0124533 0.0105012 0.0124134 0.0104872 0.0104987 0.0114461 0.0095267 0.0095585 0.0095267 0.0095689 0.0095267 0.0095267 0.0095267 0.0095705 0.0104943 0.0284541 0.0374951 0.0337703 
MH751969.1_Eimeria_ferrisi              0.0000010 0.0380389 0.0000010 0.0010612 0.0009519 0.0000010 0.0000010 0.0009565 0.0019060 0.0000010 0.0019071 0.0000028 0.0000010 0.0009519 0.0000010 0.0019227 0.0019069 0.0000010 0.0000010 0.0000010 0.0000010 0.0000010 0.0010736 0.0000010 0.0000010 0.0000010 0.0000010 0.0000010 0.0000010 0.0000010 0.0000010 0.0000000 0.0000010 0.0000010 0.0000010 0.0000010 0.0000010 0.0000010 0.0000010 0.0000010 0.0009519 0.0009519 0.0000010 0.0009519 0.0009519 0.0000010 0.0009519 0.0000010 0.0000010 0.0000010 0.0010203 0.0009582 0.0039758 0.0000010 0.0000010 0.0000010 0.0010078 0.0000010 0.0000010 0.0020994 0.0000010 0.0000010 0.0000010 0.0019412 0.0038604 0.0009519 0.0000010 0.0009519 0.0000010 0.0000010 0.0019074 0.0000010 0.0000010 0.0022227 0.0000010 0.0000010 0.0000010 0.0009519 0.0000010 0.0117064 0.0106054 0.0106054 0.0106054 0.0125424 0.0105930 0.0081750 0.0127073 0.0169441 0.0115629 0.0125543 0.0115629 0.0115629 0.0125803 0.0106073 0.0125405 0.0105930 0.0106054 0.0115629 0.0096230 0.0096556 0.0096230 0.0096662 0.0096230 0.0096230 0.0096230 0.0096680 0.0106004 0.0276257 0.0378875 0.0340652 
MH751970.1_Eimeria_ferrisi              0.0000010 0.0128200 0.0000010 0.0010612 0.0009424 0.0000010 0.0000010 0.0009565 0.0018870 0.0000010 0.0018902 0.0007557 0.0000010 0.0009401 0.0000010 0.0018607 0.0022639 0.0015079 0.0017016 0.0009418 0.0000010 0.0007585 0.0010736 0.0000010 0.0000010 0.0000010 0.0007378 0.0007848 0.0007538 0.0000010 0.0000010 0.0000010 0.0000000 0.0008549 0.0007372 0.0015079 0.0000010 0.0000010 0.0000010 0.0000010 0.0007611 0.0015311 0.0007440 0.0007493 0.0009401 0.0000010 0.0008318 0.0000010 0.0007533 0.0025284 0.0010203 0.0014825 0.0039758 0.0007384 0.0007372 0.0007372 0.0010078 0.0022196 0.0007372 0.0027209 0.0007372 0.0007372 0.0007372 0.0037021 0.0035813 0.0023738 0.0058845 0.0008254 0.0007797 0.0000010 0.0039182 0.0014710 0.0000010 0.0021513 0.0000010 0.0000010 0.0000010 0.0008506 0.0000010 0.0116362 0.0104987 0.0104874 0.0097494 0.0124253 0.0106101 0.0081750 0.0126144 0.0144748 0.0112912 0.0130472 0.0108329 0.0110401 0.0119735 0.0104485 0.0137942 0.0110524 0.0110948 0.0118580 0.0095198 0.0097387 0.0098637 0.0095689 0.0097381 0.0095095 0.0094218 0.0092181 0.0103634 0.0274621 0.0387691 0.0315135 
MH751972.1_Eimeria_ferrisi              0.0060582 0.0246242 0.0008549 0.0010612 0.0009424 0.0000010 0.0000010 0.0009565 0.0018870 0.0000010 0.0018902 0.0008575 0.0000010 0.0009401 0.0008549 0.0018607 0.0025704 0.0000010 0.0009194 0.0009418 0.0009263 0.0000010 0.0010736 0.0008549 0.0000010 0.0008549 0.0008549 0.0000010 0.0008549 0.0000010 0.0000010 0.0000010 0.0008549 0.0000000 0.0008549 0.0000010 0.0010942 0.0008549 0.0008549 0.0008549 0.0017112 0.0008542 0.0008549 0.0017112 0.0009401 0.0008549 0.0009215 0.0008549 0.0008549 0.0017117 0.0010203 0.0017210 0.0039758 0.0008565 0.0008549 0.0008549 0.0010078 0.0008566 0.0008549 0.0020261 0.0008549 0.0008549 0.0008549 0.0037021 0.0047816 0.0026145 0.0017622 0.0017243 0.0008575 0.0000010 0.0043134 0.0000010 0.0000010 0.0032310 0.0000010 0.0008549 0.0008549 0.0009145 0.0000010 0.0116362 0.0104987 0.0104874 0.0103853 0.0124253 0.0103754 0.0081750 0.0126144 0.0164177 0.0112453 0.0130136 0.0112453 0.0119729 0.0121566 0.0103880 0.0134155 0.0104136 0.0104571 0.0112979 0.0095198 0.0088790 0.0086289 0.0095689 0.0095033 0.0095095 0.0095033 0.0095436 0.0103819 0.0273576 0.0375939 0.0317218 
MH751979.1_Eimeria_ferrisi              0.0000010 0.0119527 0.0000010 0.0010612 0.0009424 0.0000010 0.0000010 0.0009565 0.0018870 0.0000010 0.0018902 0.0000023 0.0000010 0.0009401 0.0000010 0.0018607 0.0014899 0.0007467 0.0017016 0.0009418 0.0000010 0.0007585 0.0010736 0.0000010 0.0000010 0.0000010 0.0000010 0.0007848 0.0000010 0.0000010 0.0000010 0.0000010 0.0007372 0.0008549 0.0000000 0.0007467 0.0000010 0.0000010 0.0000010 0.0000010 0.0007611 0.0015311 0.0000010 0.0007493 0.0009401 0.0000010 0.0008318 0.0000010 0.0000010 0.0025284 0.0010203 0.0007240 0.0039758 0.0000010 0.0000010 0.0000010 0.0010078 0.0043890 0.0000010 0.0017846 0.0000010 0.0000010 0.0000010 0.0037021 0.0035813 0.0015601 0.0042986 0.0008254 0.0000010 0.0000010 0.0030903 0.0000010 0.0000010 0.0021513 0.0000010 0.0000010 0.0000010 0.0008506 0.0000010 0.0116362 0.0104987 0.0104874 0.0097494 0.0124253 0.0097186 0.0081750 0.0126144 0.0144748 0.0103974 0.0121112 0.0108329 0.0110401 0.0109374 0.0094537 0.0127947 0.0101185 0.0101564 0.0109110 0.0095198 0.0097387 0.0098637 0.0095689 0.0089040 0.0095095 0.0094218 0.0090995 0.0103634 0.0270678 0.0369870 0.0309023 
