110
Nem_0425_6CR_14_F.EukB_MH_24_R_ASV_1    0.0000000 0.0090697 1.1659172 1.1317683 1.1659172 1.1659172 1.1659172 1.1659172 1.1659172 1.1659172 1.1659172 1.1659172 1.1544256 1.1659172 1.1659172 1.1659172 1.1659172 1.1659172 1.1659172 1.1659172 1.1659172 1.1659172 1.1494733 1.1659172 1.1659172 1.1659172 1.1659172 1.1659172 1.1659172 1.1659172 1.1659172 1.1659172 1.1659172 1.1659172 1.1659172 1.1659172 1.2329467 1.1659172 1.1659172 1.1659172 1.1659172 1.1659172 1.1659172 1.1659172 1.1659172 1.1659172 1.1659172 1.1659172 1.1659172 1.1659172 1.1749177 1.2080926 1.1116244 1.1659172 1.1659172 1.1659172 1.1538842 1.1659172 1.1659172 1.0924349 1.1659172 1.1659172 1.1659172 0.8091930 1.3016321 1.1659172 0.8091930 1.1659172 1.1659172 1.1856816 1.1890531 0.8091930 1.1659172 1.2095030 1.1494733 1.1659172 1.1659172 1.1659172 1.0993206 1.1659172 1.1810654 1.1659172 1.1659172 1.1659172 1.1659172 1.1659172 1.1659172 1.3016321 1.1659172 1.1873861 1.1659172 1.1659172 1.1659172 1.1544256 1.1659172 1.1774598 1.1774598 1.1890531 1.1659172 1.1544256 1.1659172 1.1538842 1.1659172 1.1659172 1.1659172 1.1659172 1.1659172 1.1489130 1.2078852 1.2470349 
Nem_0425_6CR_14_F.EukB_MH_24_R_ASV_2    0.0090697 0.0000000 1.1444835 1.1106079 1.1444835 1.1444835 1.1444835 1.1444835 1.1444835 1.1444835 1.1444835 1.1444835 1.1331596 1.1444835 1.1444835 1.1444835 1.1444835 1.1444835 1.1444835 1.1444835 1.1444835 1.1444835 1.1278166 1.1444835 1.1444835 1.1444835 1.1444835 1.1444835 1.1444835 1.1444835 1.1444835 1.1444835 1.1444835 1.1444835 1.1444835 1.1444835 1.2056370 1.1444835 1.1444835 1.1444835 1.1444835 1.1444835 1.1444835 1.1444835 1.1444835 1.1444835 1.1444835 1.1444835 1.1444835 1.1444835 1.1532359 1.1856201 1.1116244 1.1444835 1.1444835 1.1444835 1.1326281 1.1444835 1.1444835 1.0687492 1.1444835 1.1444835 1.1444835 0.8091930 1.2703593 1.1444835 0.8091930 1.1444835 1.1444835 1.1618016 1.1672850 0.8091930 1.1444835 1.1850761 1.1278166 1.1444835 1.1444835 1.1444835 1.0751879 1.1444835 1.1592744 1.1444835 1.1444835 1.1444835 1.1444835 1.1444835 1.1444835 1.2703593 1.1444835 1.1655141 1.1444835 1.1444835 1.1444835 1.1331596 1.1444835 1.1558593 1.1558593 1.1672850 1.1444835 1.1331596 1.1444835 1.1326281 1.1444835 1.1444835 1.1444835 1.1444835 1.1444835 1.1278945 1.1855949 1.2173824 
MH751925.1_Eimeria_ferrisi              1.1659172 1.1444835 0.0000000 0.0010604 0.0009417 0.0000010 0.0000010 0.0009556 0.0018854 0.0000010 0.0018887 0.0000020 0.0000010 0.0009400 0.0000010 0.0018586 0.0015204 0.0007589 0.0017002 0.0009414 0.0000010 0.0007618 0.0010729 0.0000010 0.0000010 0.0000010 0.0000010 0.0007841 0.0000010 0.0000010 0.0000010 0.0000010 0.0000010 0.0008547 0.0000010 0.0007589 0.0000010 0.0000010 0.0000010 0.0000010 0.0007756 0.0015348 0.0000010 0.0007586 0.0009400 0.0000010 0.0008339 0.0000010 0.0000010 0.0025265 0.0010189 0.0007625 0.0039748 0.0000010 0.0000010 0.0000010 0.0010071 0.0000010 0.0000010 0.0018162 0.0000010 0.0000010 0.0000010 0.0037051 0.0035833 0.0015843 0.0044338 0.0008252 0.0000010 0.0000010 0.0031388 0.0000010 0.0000010 0.0021515 0.0000010 0.0000010 0.0000010 0.0008504 0.0000010 0.0116151 0.0104933 0.0104714 0.0099815 0.0124082 0.0099731 0.0081591 0.0125990 0.0145173 0.0107449 0.0123110 0.0108468 0.0110276 0.0115506 0.0099832 0.0129917 0.0102720 0.0103092 0.0110768 0.0095042 0.0097262 0.0099752 0.0095543 0.0092003 0.0094943 0.0094323 0.0094766 0.0103552 0.0264646 0.0373898 0.0303885 
MH751927.1_Eimeria_ferrisi              1.1317683 1.1106079 0.0010604 0.0000000 0.0000010 0.0010604 0.0010604 0.0000010 0.0010608 0.0010604 0.0010610 0.0010641 0.0010638 0.0000010 0.0010604 0.0031939 0.0000022 0.0010604 0.0010604 0.0010604 0.0010604 0.0010613 0.0000010 0.0010604 0.0010604 0.0010604 0.0010604 0.0010604 0.0010604 0.0010629 0.0010604 0.0010604 0.0010604 0.0010604 0.0010604 0.0010604 0.0012872 0.0010604 0.0010604 0.0010604 0.0000010 0.0000010 0.0010604 0.0000010 0.0000010 0.0010604 0.0000010 0.0010604 0.0010604 0.0010604 0.0021538 0.0021373 0.0026471 0.0010628 0.0010604 0.0010604 0.0000022 0.0010629 0.0010604 0.0033429 0.0010604 0.0010604 0.0010604 0.0000010 0.0027586 0.0000010 0.0020987 0.0000010 0.0010604 0.0011630 0.0010604 0.0021157 0.0010604 0.0011781 0.0010629 0.0010604 0.0010604 0.0000010 0.0011144 0.0085719 0.0075047 0.0074959 0.0074959 0.0096467 0.0074871 0.0075047 0.0089253 0.0121368 0.0085619 0.0096550 0.0085619 0.0085619 0.0096767 0.0074977 0.0096432 0.0074871 0.0074959 0.0085619 0.0085619 0.0085772 0.0085619 0.0085873 0.0085619 0.0085619 0.0085619 0.0086044 0.0096459 0.0285401 0.0377199 0.0336166 
MH751928.1_Eimeria_ferrisi              1.1659172 1.1444835 0.0009417 0.0000010 0.0000000 0.0009417 0.0009417 0.0000010 0.0009427 0.0009417 0.0009437 0.0009447 0.0009476 0.0000010 0.0009417 0.0028690 0.0009425 0.0009417 0.0009441 0.0009417 0.0009984 0.0009424 0.0000010 0.0009417 0.0009417 0.0009417 0.0009417 0.0009417 0.0009417 0.0010074 0.0009417 0.0009509 0.0009417 0.0009417 0.0009417 0.0009417 0.0011970 0.0009417 0.0009417 0.0009417 0.0000010 0.0000010 0.0009417 0.0000010 0.0000010 0.0009417 0.0000010 0.0009417 0.0009417 0.0009417 0.0020389 0.0018965 0.0026471 0.0009436 0.0009417 0.0009417 0.0000022 0.0009437 0.0009417 0.0031327 0.0009417 0.0009417 0.0009417 0.0019285 0.0025525 0.0000010 0.0018629 0.0000010 0.0009417 0.0011293 0.0028323 0.0018760 0.0009455 0.0011020 0.0009988 0.0009417 0.0009417 0.0000010 0.0010439 0.0106390 0.0095321 0.0095221 0.0095221 0.0114451 0.0095115 0.0071334 0.0115501 0.0153807 0.0104683 0.0114441 0.0104683 0.0104683 0.0114678 0.0095242 0.0114316 0.0095115 0.0095221 0.0104683 0.0104683 0.0105043 0.0104683 0.0105153 0.0104683 0.0104683 0.0104683 0.0105153 0.0114345 0.0293713 0.0383708 0.0351878 
MH751929.1_Eimeria_ferrisi              1.1659172 1.1444835 0.0000010 0.0010604 0.0009417 0.0000000 0.0000010 0.0009556 0.0018869 0.0000010 0.0018887 0.0000022 0.0000010 0.0009407 0.0000010 0.0019096 0.0018844 0.0000010 0.0000010 0.0000010 0.0000010 0.0000010 0.0010729 0.0000010 0.0000010 0.0000010 0.0000010 0.0000010 0.0000010 0.0000010 0.0000010 0.0000010 0.0000010 0.0000010 0.0000010 0.0000010 0.0000010 0.0000010 0.0000010 0.0000010 0.0009407 0.0009407 0.0000010 0.0009407 0.0009407 0.0000010 0.0009460 0.0000010 0.0000010 0.0000010 0.0010189 0.0009467 0.0039748 0.0000010 0.0000010 0.0000010 0.0010071 0.0000010 0.0000010 0.0020840 0.0000010 0.0000010 0.0000010 0.0038551 0.0038327 0.0009407 0.0000010 0.0009407 0.0000010 0.0000010 0.0018852 0.0000010 0.0000010 0.0022077 0.0000010 0.0000010 0.0000010 0.0009407 0.0000010 0.0116151 0.0104933 0.0104714 0.0104714 0.0124082 0.0104596 0.0081591 0.0126097 0.0167979 0.0114176 0.0123952 0.0114176 0.0114176 0.0124198 0.0104736 0.0123818 0.0104596 0.0104714 0.0114176 0.0095115 0.0095342 0.0095016 0.0095543 0.0095016 0.0095016 0.0095016 0.0095441 0.0104650 0.0283765 0.0373261 0.0337529 
MH751930.1_Eimeria_ferrisi              1.1659172 1.1444835 0.0000010 0.0010604 0.0009417 0.0000010 0.0000000 0.0009556 0.0018869 0.0000010 0.0018887 0.0000022 0.0000010 0.0009407 0.0000010 0.0019096 0.0018844 0.0000010 0.0000010 0.0000010 0.0000010 0.0000010 0.0010729 0.0000010 0.0000010 0.0000010 0.0000010 0.0000010 0.0000010 0.0000010 0.0000010 0.0000010 0.0000010 0.0000010 0.0000010 0.0000010 0.0000010 0.0000010 0.0000010 0.0000010 0.0009407 0.0009407 0.0000010 0.0009407 0.0009407 0.0000010 0.0009460 0.0000010 0.0000010 0.0000010 0.0010189 0.0009467 0.0039748 0.0000010 0.0000010 0.0000010 0.0010071 0.0000010 0.0000010 0.0020840 0.0000010 0.0000010 0.0000010 0.0038551 0.0038327 0.0009407 0.0000010 0.0009407 0.0000010 0.0000010 0.0018852 0.0000010 0.0000010 0.0022077 0.0000010 0.0000010 0.0000010 0.0009407 0.0000010 0.0116151 0.0104933 0.0104714 0.0104714 0.0124082 0.0104596 0.0081591 0.0126097 0.0167979 0.0114176 0.0123952 0.0114176 0.0114176 0.0124198 0.0104736 0.0123818 0.0104596 0.0104714 0.0114176 0.0095115 0.0095342 0.0095016 0.0095543 0.0095016 0.0095016 0.0095016 0.0095441 0.0104650 0.0283765 0.0373261 0.0337529 
MH751932.1_Eimeria_ferrisi              1.1659172 1.1444835 0.0009556 0.0000010 0.0000010 0.0009556 0.0009556 0.0000000 0.0009559 0.0009556 0.0009569 0.0009586 0.0009609 0.0000010 0.0009556 0.0028808 0.0000022 0.0009556 0.0009556 0.0009556 0.0010096 0.0009564 0.0000010 0.0009556 0.0009556 0.0009556 0.0009556 0.0009556 0.0009556 0.0010119 0.0009556 0.0009556 0.0009556 0.0009556 0.0009556 0.0009556 0.0012132 0.0009556 0.0009556 0.0009556 0.0000010 0.0000010 0.0009556 0.0000010 0.0000010 0.0009556 0.0000010 0.0009556 0.0009556 0.0009556 0.0020389 0.0019246 0.0026471 0.0009576 0.0009556 0.0009556 0.0000022 0.0009576 0.0009556 0.0031468 0.0009556 0.0009556 0.0009556 0.0000010 0.0025894 0.0000010 0.0018780 0.0000010 0.0009556 0.0011293 0.0028742 0.0018916 0.0009556 0.0011166 0.0010031 0.0009556 0.0009556 0.0000010 0.0010486 0.0078029 0.0067559 0.0067487 0.0067487 0.0086843 0.0067412 0.0071334 0.0084771 0.0113226 0.0077083 0.0086904 0.0077083 0.0077083 0.0087086 0.0067502 0.0086808 0.0067412 0.0067487 0.0077083 0.0077083 0.0077352 0.0077083 0.0077434 0.0077083 0.0077083 0.0077083 0.0077434 0.0086830 0.0256577 0.0358749 0.0313443 
MH751933.1_Eimeria_ferrisi              1.1659172 1.1444835 0.0018854 0.0010608 0.0009427 0.0018869 0.0018869 0.0009559 0.0000000 0.0018854 0.0018893 0.0018913 0.0018973 0.0009420 0.0018854 0.0038324 0.0018870 0.0018854 0.0018916 0.0028310 0.0019975 0.0018869 0.0010733 0.0018854 0.0018854 0.0018854 0.0018854 0.0018854 0.0018854 0.0020171 0.0018869 0.0019038 0.0018854 0.0018854 0.0018854 0.0018854 0.0023950 0.0018854 0.0018854 0.0018854 0.0009420 0.0009420 0.0018854 0.0009420 0.0009420 0.0018854 0.0009480 0.0018854 0.0018854 0.0018854 0.0030619 0.0028478 0.0039766 0.0018892 0.0018854 0.0018854 0.0010075 0.0018893 0.0018854 0.0041854 0.0018854 0.0018854 0.0018854 0.0019316 0.0038304 0.0009420 0.0018658 0.0009420 0.0018854 0.0022615 0.0037805 0.0018792 0.0018916 0.0022065 0.0020016 0.0018854 0.0018854 0.0009420 0.0020920 0.0116190 0.0105049 0.0104939 0.0104857 0.0124123 0.0104741 0.0081619 0.0126036 0.0167868 0.0114324 0.0124113 0.0114324 0.0114324 0.0124370 0.0104880 0.0123978 0.0104741 0.0104857 0.0114324 0.0114324 0.0114718 0.0114324 0.0114927 0.0114324 0.0114324 0.0114324 0.0114837 0.0124009 0.0303602 0.0393995 0.0366130 
MH751935.1_Eimeria_ferrisi              1.1659172 1.1444835 0.0000010 0.0010604 0.0009417 0.0000010 0.0000010 0.0009556 0.0018854 0.0000000 0.0018887 0.0000022 0.0000010 0.0009410 0.0000010 0.0019116 0.0018850 0.0000010 0.0000010 0.0009414 0.0000010 0.0000010 0.0010729 0.0000010 0.0000010 0.0000010 0.0000010 0.0000010 0.0000010 0.0000010 0.0000010 0.0000010 0.0000010 0.0000010 0.0000010 0.0000010 0.0000010 0.0000010 0.0000010 0.0000010 0.0009410 0.0009410 0.0000010 0.0009410 0.0009410 0.0000010 0.0009470 0.0000010 0.0000010 0.0000010 0.0010189 0.0009470 0.0039748 0.0000010 0.0000010 0.0000010 0.0010071 0.0000010 0.0000010 0.0020864 0.0000010 0.0000010 0.0000010 0.0038632 0.0038287 0.0009410 0.0000010 0.0009410 0.0000010 0.0000010 0.0018857 0.0000010 0.0000010 0.0022057 0.0000010 0.0000010 0.0000010 0.0009410 0.0000010 0.0116151 0.0104933 0.0104823 0.0104741 0.0124082 0.0104625 0.0081591 0.0125990 0.0167786 0.0114198 0.0123975 0.0114198 0.0114198 0.0124231 0.0104764 0.0123851 0.0104625 0.0104741 0.0114198 0.0095042 0.0095369 0.0095042 0.0095543 0.0095042 0.0095042 0.0095042 0.0095467 0.0104680 0.0283537 0.0373359 0.0337140 
MH751936.1_Eimeria_ferrisi              1.1659172 1.1444835 0.0018887 0.0010610 0.0009437 0.0018887 0.0018887 0.0009569 0.0018893 0.0018887 0.0000000 0.0018946 0.0018976 0.0009437 0.0018887 0.0038363 0.0018903 0.0018887 0.0018935 0.0018887 0.0019995 0.0018902 0.0010735 0.0018887 0.0018887 0.0018887 0.0018887 0.0018887 0.0018887 0.0020176 0.0018887 0.0019057 0.0018887 0.0018887 0.0018887 0.0018887 0.0023979 0.0018887 0.0018887 0.0018887 0.0009437 0.0009437 0.0018887 0.0009437 0.0009437 0.0018887 0.0009490 0.0018887 0.0018887 0.0018887 0.0030625 0.0028528 0.0039777 0.0018926 0.0018887 0.0018887 0.0010077 0.0018927 0.0018887 0.0041900 0.0018887 0.0018887 0.0018887 0.0038797 0.0038354 0.0009437 0.0037469 0.0009437 0.0018887 0.0022620 0.0037871 0.0037739 0.0018950 0.0022090 0.0020036 0.0018887 0.0018887 0.0009437 0.0020943 0.0116212 0.0105153 0.0105043 0.0105043 0.0124246 0.0104926 0.0081636 0.0126169 0.0153807 0.0114526 0.0124343 0.0114526 0.0114526 0.0124591 0.0105066 0.0124208 0.0104926 0.0105043 0.0114526 0.0114526 0.0114839 0.0114526 0.0114949 0.0114526 0.0114526 0.0114526 0.0115041 0.0124239 0.0304154 0.0394715 0.0351878 
MH751938.1_Eimeria_ferrisi              1.1659172 1.1444835 0.0000020 0.0010641 0.0009447 0.0000022 0.0000022 0.0009586 0.0018913 0.0000022 0.0018946 0.0000000 0.0000022 0.0009430 0.0000021 0.0009307 0.0014940 0.0007494 0.0017049 0.0009444 0.0000021 0.0007608 0.0010759 0.0000020 0.0000022 0.0000021 0.0000020 0.0007867 0.0000020 0.0000022 0.0000022 0.0000022 0.0007559 0.0008571 0.0000020 0.0007494 0.0000023 0.0000020 0.0000020 0.0000020 0.0007741 0.0015362 0.0000020 0.0007561 0.0009430 0.0000020 0.0008349 0.0000020 0.0000020 0.0025335 0.0010211 0.0007496 0.0039923 0.0000020 0.0000020 0.0000020 0.0010105 0.0000020 0.0000020 0.0017912 0.0000020 0.0000020 0.0000020 0.0037280 0.0035969 0.0015651 0.0043357 0.0008275 0.0000020 0.0000023 0.0031015 0.0000025 0.0000022 0.0021591 0.0000022 0.0000021 0.0000021 0.0008529 0.0000023 0.0106674 0.0095570 0.0095369 0.0091659 0.0114751 0.0090429 0.0071534 0.0115730 0.0133044 0.0098009 0.0113770 0.0100721 0.0101267 0.0105894 0.0090518 0.0120171 0.0093586 0.0093925 0.0101518 0.0085702 0.0088573 0.0091601 0.0086155 0.0083117 0.0085613 0.0086448 0.0086533 0.0095735 0.0272879 0.0367029 0.0290185 
MH751939.1_Eimeria_ferrisi              1.1544256 1.1331596 0.0000010 0.0010638 0.0009476 0.0000010 0.0000010 0.0009609 0.0018973 0.0000010 0.0018976 0.0000022 0.0000000 0.0009476 0.0000010 0.0019238 0.0018983 0.0000010 0.0000010 0.0000010 0.0000010 0.0000010 0.0010751 0.0000010 0.0000010 0.0000010 0.0000010 0.0000010 0.0000010 0.0000010 0.0000010 0.0000010 0.0000010 0.0000010 0.0000010 0.0000010 0.0000010 0.0000010 0.0000010 0.0000010 0.0009476 0.0009476 0.0000010 0.0009476 0.0009476 0.0000010 0.0009530 0.0000010 0.0000010 0.0000010 0.0010229 0.0009537 0.0039748 0.0000010 0.0000010 0.0000010 0.0010111 0.0000010 0.0000010 0.0020991 0.0000010 0.0000010 0.0000010 0.0039068 0.0038368 0.0009476 0.0000010 0.0009476 0.0000010 0.0000010 0.0018990 0.0000010 0.0000010 0.0022097 0.0000010 0.0000010 0.0000010 0.0009476 0.0000010 0.0116587 0.0105599 0.0105488 0.0105488 0.0124773 0.0105369 0.0082006 0.0126475 0.0168176 0.0115010 0.0124870 0.0115010 0.0115010 0.0125120 0.0105511 0.0124734 0.0105369 0.0105488 0.0115010 0.0095718 0.0095795 0.0095718 0.0095871 0.0095718 0.0095718 0.0095718 0.0096149 0.0105425 0.0285384 0.0376109 0.0337929 
MH751944.1_Eimeria_ferrisi              1.1659172 1.1444835 0.0009400 0.0000010 0.0000010 0.0009407 0.0009407 0.0000010 0.0009420 0.0009410 0.0009437 0.0009430 0.0009476 0.0000000 0.0009400 0.0028660 0.0009408 0.0009400 0.0009431 0.0018838 0.0009976 0.0009407 0.0000010 0.0009400 0.0009400 0.0009400 0.0009400 0.0009400 0.0009400 0.0010074 0.0009417 0.0009509 0.0009400 0.0009400 0.0009400 0.0009400 0.0011959 0.0009400 0.0009400 0.0009400 0.0000010 0.0000010 0.0009400 0.0000010 0.0000010 0.0009400 0.0000010 0.0009400 0.0009400 0.0009400 0.0020389 0.0018931 0.0026471 0.0009419 0.0009400 0.0009400 0.0000022 0.0009420 0.0009400 0.0031291 0.0009400 0.0009400 0.0009400 0.0019243 0.0025498 0.0000010 0.0018592 0.0000010 0.0009400 0.0011293 0.0028272 0.0018725 0.0009448 0.0011011 0.0009977 0.0009400 0.0009400 0.0000010 0.0010427 0.0106390 0.0095321 0.0095122 0.0095048 0.0114451 0.0094943 0.0071334 0.0115393 0.0153632 0.0104493 0.0114233 0.0104493 0.0104493 0.0114468 0.0095069 0.0114109 0.0094943 0.0095048 0.0104493 0.0104603 0.0104852 0.0104493 0.0105153 0.0104493 0.0104493 0.0104493 0.0104961 0.0114137 0.0293477 0.0382987 0.0351472 
MH751945.1_Eimeria_ferrisi              1.1659172 1.1444835 0.0000010 0.0010604 0.0009417 0.0000010 0.0000010 0.0009556 0.0018854 0.0000010 0.0018887 0.0000021 0.0000010 0.0009400 0.0000000 0.0018586 0.0015473 0.0007723 0.0017096 0.0009414 0.0000010 0.0007738 0.0010729 0.0000010 0.0000010 0.0000010 0.0000010 0.0007852 0.0000010 0.0000010 0.0000010 0.0000010 0.0000010 0.0008547 0.0000010 0.0007723 0.0000010 0.0000010 0.0000010 0.0000010 0.0007720 0.0015532 0.0000010 0.0007720 0.0009400 0.0000010 0.0008557 0.0000010 0.0000010 0.0025265 0.0010189 0.0007761 0.0039748 0.0000010 0.0000010 0.0000010 0.0010071 0.0000010 0.0000010 0.0018678 0.0000010 0.0000010 0.0000010 0.0037051 0.0035833 0.0016235 0.0015438 0.0008252 0.0000010 0.0000010 0.0032157 0.0000010 0.0000010 0.0021515 0.0000010 0.0000010 0.0000010 0.0008504 0.0000010 0.0116151 0.0104933 0.0104714 0.0101597 0.0124082 0.0101510 0.0081591 0.0125990 0.0144799 0.0109367 0.0125851 0.0111089 0.0110276 0.0117575 0.0101615 0.0133210 0.0105253 0.0105643 0.0113503 0.0095042 0.0097262 0.0101532 0.0095543 0.0093643 0.0094943 0.0094165 0.0094200 0.0103552 0.0271897 0.0362233 0.0313547 
MH751946.1_Eimeria_ferrisi              1.1659172 1.1444835 0.0018586 0.0031939 0.0028690 0.0019096 0.0019096 0.0028808 0.0038324 0.0019116 0.0038363 0.0009307 0.0019238 0.0028660 0.0018586 0.0000000 0.0027923 0.0018586 0.0027914 0.0019116 0.0020286 0.0018601 0.0032317 0.0018586 0.0019096 0.0018586 0.0018586 0.0018586 0.0018586 0.0020331 0.0019116 0.0019195 0.0018586 0.0018586 0.0018586 0.0018586 0.0024399 0.0018586 0.0018586 0.0018586 0.0027894 0.0027894 0.0018586 0.0027894 0.0028660 0.0018586 0.0027894 0.0018586 0.0018586 0.0027914 0.0030684 0.0028070 0.0066581 0.0018623 0.0018586 0.0018586 0.0030506 0.0018624 0.0018586 0.0040639 0.0018586 0.0018586 0.0018586 0.0074475 0.0065234 0.0027894 0.0053326 0.0027894 0.0018586 0.0022668 0.0027909 0.0035742 0.0019195 0.0044961 0.0019459 0.0018586 0.0018586 0.0027894 0.0020312 0.0068348 0.0057728 0.0057606 0.0056060 0.0077017 0.0056000 0.0061129 0.0074261 0.0099225 0.0065368 0.0084301 0.0065368 0.0067170 0.0075013 0.0056072 0.0074781 0.0056000 0.0056060 0.0065368 0.0047967 0.0048082 0.0046632 0.0048184 0.0046632 0.0047917 0.0046632 0.0046832 0.0056029 0.0247225 0.0338047 0.0270577 
MH751947.1_Eimeria_ferrisi              1.1659172 1.1444835 0.0015204 0.0000022 0.0009425 0.0018844 0.0018844 0.0000022 0.0018870 0.0018850 0.0018903 0.0014940 0.0018983 0.0009408 0.0015473 0.0027923 0.0000000 0.0022453 0.0034073 0.0028303 0.0017984 0.0022807 0.0000022 0.0015095 0.0018830 0.0015555 0.0014907 0.0023582 0.0014916 0.0020182 0.0018864 0.0019048 0.0022647 0.0025687 0.0014907 0.0022453 0.0020974 0.0015095 0.0015095 0.0015095 0.0007715 0.0015333 0.0014956 0.0007536 0.0009408 0.0015228 0.0008332 0.0015228 0.0014956 0.0042197 0.0020412 0.0022484 0.0026511 0.0014961 0.0014907 0.0014907 0.0010080 0.0014962 0.0014907 0.0026830 0.0014907 0.0014907 0.0014907 0.0018536 0.0035871 0.0015628 0.0057675 0.0008258 0.0015421 0.0011307 0.0046486 0.0014420 0.0018903 0.0021530 0.0009318 0.0015961 0.0015614 0.0008510 0.0009722 0.0096753 0.0085814 0.0085634 0.0083809 0.0104935 0.0082693 0.0071414 0.0104943 0.0120593 0.0090250 0.0105989 0.0092798 0.0091854 0.0098086 0.0082768 0.0111937 0.0085615 0.0085932 0.0093522 0.0095127 0.0097336 0.0099094 0.0095629 0.0090549 0.0095028 0.0094229 0.0094263 0.0103624 0.0272097 0.0374293 0.0301592 
MH751949.1_Eimeria_ferrisi              1.1659172 1.1444835 0.0007589 0.0010604 0.0009417 0.0000010 0.0000010 0.0009556 0.0018854 0.0000010 0.0018887 0.0007494 0.0000010 0.0009400 0.0007723 0.0018586 0.0022453 0.0000000 0.0017002 0.0009414 0.0008982 0.0000010 0.0010729 0.0007534 0.0000010 0.0007765 0.0007464 0.0000010 0.0007469 0.0000010 0.0000010 0.0000010 0.0015084 0.0000010 0.0007464 0.0000010 0.0010474 0.0007534 0.0007534 0.0007534 0.0015447 0.0007648 0.0007464 0.0015088 0.0009400 0.0007601 0.0008326 0.0007601 0.0007464 0.0016825 0.0010189 0.0015025 0.0039748 0.0007476 0.0007464 0.0007464 0.0010071 0.0007477 0.0007464 0.0017930 0.0007464 0.0007464 0.0007464 0.0037051 0.0047840 0.0023517 0.0043426 0.0016518 0.0007726 0.0000010 0.0038835 0.0000010 0.0000010 0.0032310 0.0000010 0.0007970 0.0007794 0.0008504 0.0000010 0.0116151 0.0104933 0.0104714 0.0106800 0.0124082 0.0105721 0.0081591 0.0125990 0.0157072 0.0113322 0.0129286 0.0116140 0.0119584 0.0121271 0.0105827 0.0136582 0.0109487 0.0109878 0.0117461 0.0095042 0.0088315 0.0091317 0.0095543 0.0098110 0.0094943 0.0102099 0.0102137 0.0111614 0.0280936 0.0383811 0.0326040 
MH751950.1_Eimeria_ferrisi              1.1659172 1.1444835 0.0017002 0.0010604 0.0009441 0.0000010 0.0000010 0.0009556 0.0018916 0.0000010 0.0018935 0.0017049 0.0000010 0.0009431 0.0017096 0.0027914 0.0034073 0.0017002 0.0000000 0.0000010 0.0000010 0.0017014 0.0010729 0.0017002 0.0000010 0.0017196 0.0017002 0.0017072 0.0017002 0.0000010 0.0000010 0.0000010 0.0017002 0.0009188 0.0017002 0.0017002 0.0000010 0.0017002 0.0017002 0.0017002 0.0025620 0.0025515 0.0017002 0.0025515 0.0009431 0.0017002 0.0025586 0.0017002 0.0017002 0.0000010 0.0010189 0.0025657 0.0039748 0.0017033 0.0017002 0.0017002 0.0010071 0.0017034 0.0017002 0.0037223 0.0017002 0.0017002 0.0017002 0.0055707 0.0038457 0.0025515 0.0061464 0.0026385 0.0017002 0.0000010 0.0034081 0.0030775 0.0000010 0.0022142 0.0018654 0.0017072 0.0017156 0.0025674 0.0019476 0.0116450 0.0105198 0.0104978 0.0129203 0.0124396 0.0129082 0.0081591 0.0126449 0.0168602 0.0137755 0.0155414 0.0137755 0.0114454 0.0146907 0.0129228 0.0146501 0.0129082 0.0129203 0.0137755 0.0095356 0.0095584 0.0120394 0.0095785 0.0120394 0.0095256 0.0121245 0.0121870 0.0130422 0.0284499 0.0400766 0.0338785 
MH751953.1_Eimeria_ferrisi              1.1659172 1.1444835 0.0009414 0.0010604 0.0009417 0.0000010 0.0000010 0.0009556 0.0028310 0.0009414 0.0018887 0.0009444 0.0000010 0.0018838 0.0009414 0.0019116 0.0028303 0.0009414 0.0000010 0.0000000 0.0009981 0.0009422 0.0010729 0.0009414 0.0009414 0.0009414 0.0009414 0.0009414 0.0009414 0.0000010 0.0000010 0.0000010 0.0009414 0.0009414 0.0009414 0.0009414 0.0011966 0.0009414 0.0009414 0.0009414 0.0018838 0.0018838 0.0009414 0.0018838 0.0018838 0.0009414 0.0009470 0.0009414 0.0009414 0.0009414 0.0010189 0.0018959 0.0039748 0.0009433 0.0009414 0.0009414 0.0010071 0.0009434 0.0009414 0.0020864 0.0009414 0.0009414 0.0009414 0.0038632 0.0051119 0.0018838 0.0000010 0.0018838 0.0009414 0.0000010 0.0028314 0.0000010 0.0009452 0.0033124 0.0000010 0.0009414 0.0009414 0.0018838 0.0000010 0.0116151 0.0104933 0.0104823 0.0114379 0.0124082 0.0114251 0.0081591 0.0136643 0.0182042 0.0123849 0.0133658 0.0123849 0.0123849 0.0133924 0.0114404 0.0133513 0.0114251 0.0114379 0.0123849 0.0104652 0.0105011 0.0104652 0.0095543 0.0104652 0.0104652 0.0104652 0.0105120 0.0114311 0.0293622 0.0383590 0.0351723 
MH751954.1_Eimeria_ferrisi              1.1659172 1.1444835 0.0000010 0.0010604 0.0009984 0.0000010 0.0000010 0.0010096 0.0019975 0.0000010 0.0019995 0.0000021 0.0000010 0.0009976 0.0000010 0.0020286 0.0017984 0.0008982 0.0000010 0.0009981 0.0000000 0.0008989 0.0010729 0.0000010 0.0000010 0.0000010 0.0000010 0.0009091 0.0000010 0.0000010 0.0000010 0.0000010 0.0000010 0.0009261 0.0000010 0.0008982 0.0000010 0.0000010 0.0000010 0.0000010 0.0008978 0.0017973 0.0000010 0.0008978 0.0009976 0.0000010 0.0010044 0.0000010 0.0000010 0.0018226 0.0010271 0.0009033 0.0039748 0.0000010 0.0000010 0.0000010 0.0010088 0.0000010 0.0000010 0.0022272 0.0000010 0.0000010 0.0000010 0.0021784 0.0035833 0.0018890 0.0000010 0.0009337 0.0000010 0.0000010 0.0037345 0.0000010 0.0000010 0.0021515 0.0000010 0.0000010 0.0000010 0.0009963 0.0000010 0.0121392 0.0111336 0.0111213 0.0099883 0.0131551 0.0099784 0.0082349 0.0125990 0.0145173 0.0108912 0.0118226 0.0110135 0.0116867 0.0118449 0.0099903 0.0135860 0.0103335 0.0103790 0.0112906 0.0100826 0.0102652 0.0099809 0.0101191 0.0090647 0.0100826 0.0090647 0.0091027 0.0100954 0.0278124 0.0365258 0.0303885 
MH751955.1_Eimeria_ferrisi              1.1659172 1.1444835 0.0007618 0.0010613 0.0009424 0.0000010 0.0000010 0.0009564 0.0018869 0.0000010 0.0018902 0.0007608 0.0000010 0.0009407 0.0007738 0.0018601 0.0022807 0.0000010 0.0017014 0.0009422 0.0008989 0.0000000 0.0010738 0.0007584 0.0000010 0.0007780 0.0007584 0.0000010 0.0007584 0.0000010 0.0000010 0.0000010 0.0007584 0.0000010 0.0007584 0.0000010 0.0010502 0.0007584 0.0007584 0.0007584 0.0015476 0.0007653 0.0007584 0.0015185 0.0009407 0.0007616 0.0008374 0.0007616 0.0007584 0.0016837 0.0010197 0.0015263 0.0039793 0.0007596 0.0007584 0.0007584 0.0010080 0.0007597 0.0007584 0.0018243 0.0007584 0.0007584 0.0007584 0.0037109 0.0047887 0.0023878 0.0044662 0.0016529 0.0007843 0.0000010 0.0039421 0.0000010 0.0000010 0.0032339 0.0000010 0.0007975 0.0007799 0.0008510 0.0000010 0.0116245 0.0105016 0.0104797 0.0107497 0.0124182 0.0107406 0.0081660 0.0126101 0.0157231 0.0115128 0.0131194 0.0116758 0.0119676 0.0123211 0.0107515 0.0138712 0.0111148 0.0111553 0.0119246 0.0095118 0.0088380 0.0091911 0.0095619 0.0099673 0.0095019 0.0102166 0.0102337 0.0111689 0.0281554 0.0390160 0.0327028 
MH751958.1_Eimeria_ferrisi              1.1494733 1.1278166 0.0010729 0.0000010 0.0000010 0.0010729 0.0010729 0.0000010 0.0010733 0.0010729 0.0010735 0.0010759 0.0010751 0.0000010 0.0010729 0.0032317 0.0000022 0.0010729 0.0010729 0.0010729 0.0010729 0.0010738 0.0000000 0.0010729 0.0010729 0.0010729 0.0010729 0.0010729 0.0010729 0.0010729 0.0010729 0.0010729 0.0010729 0.0010729 0.0010729 0.0010729 0.0012927 0.0010729 0.0010729 0.0010729 0.0000010 0.0000010 0.0010729 0.0000010 0.0000010 0.0010729 0.0000010 0.0010729 0.0010729 0.0010729 0.0021788 0.0021627 0.0026510 0.0010753 0.0010729 0.0010729 0.0000022 0.0010754 0.0010729 0.0033759 0.0010729 0.0010729 0.0010729 0.0000010 0.0027712 0.0000010 0.0021380 0.0000010 0.0010729 0.0011665 0.0010729 0.0021550 0.0010729 0.0011828 0.0010729 0.0010729 0.0010729 0.0000010 0.0011254 0.0086739 0.0075940 0.0075850 0.0075850 0.0097614 0.0075760 0.0075940 0.0089582 0.0121977 0.0086636 0.0097700 0.0086636 0.0086636 0.0097922 0.0075869 0.0097579 0.0075760 0.0075850 0.0086636 0.0086636 0.0086793 0.0086636 0.0086896 0.0086636 0.0086636 0.0086636 0.0087071 0.0097607 0.0288522 0.0381833 0.0337856 
MH751959.1_Eimeria_ferrisi              1.1659172 1.1444835 0.0000010 0.0010604 0.0009417 0.0000010 0.0000010 0.0009556 0.0018854 0.0000010 0.0018887 0.0000020 0.0000010 0.0009400 0.0000010 0.0018586 0.0015095 0.0007534 0.0017002 0.0009414 0.0000010 0.0007584 0.0010729 0.0000000 0.0000010 0.0000010 0.0000010 0.0007841 0.0000010 0.0000010 0.0000010 0.0000010 0.0000010 0.0008547 0.0000010 0.0007534 0.0000010 0.0000010 0.0000010 0.0000010 0.0007668 0.0015323 0.0000010 0.0007490 0.0009400 0.0000010 0.0008326 0.0000010 0.0000010 0.0025265 0.0010189 0.0007529 0.0039748 0.0000010 0.0000010 0.0000010 0.0010071 0.0000010 0.0000010 0.0018130 0.0000010 0.0000010 0.0000010 0.0037051 0.0035833 0.0015818 0.0044212 0.0008252 0.0000010 0.0000010 0.0031341 0.0000010 0.0000010 0.0021515 0.0000010 0.0000010 0.0000010 0.0008504 0.0000010 0.0116151 0.0104933 0.0104714 0.0098552 0.0124082 0.0098469 0.0081591 0.0125990 0.0144799 0.0106090 0.0122726 0.0108306 0.0110276 0.0114040 0.0098569 0.0129714 0.0102564 0.0102934 0.0110599 0.0095042 0.0097262 0.0098615 0.0095543 0.0090840 0.0094943 0.0094165 0.0093674 0.0103552 0.0279185 0.0385358 0.0323252 
MH751961.1_Eimeria_ferrisi              1.1659172 1.1444835 0.0000010 0.0010604 0.0009417 0.0000010 0.0000010 0.0009556 0.0018854 0.0000010 0.0018887 0.0000022 0.0000010 0.0009400 0.0000010 0.0019096 0.0018830 0.0000010 0.0000010 0.0009414 0.0000010 0.0000010 0.0010729 0.0000010 0.0000000 0.0000010 0.0000010 0.0000010 0.0000010 0.0000010 0.0000010 0.0000010 0.0000010 0.0000010 0.0000010 0.0000010 0.0000010 0.0000010 0.0000010 0.0000010 0.0009400 0.0009400 0.0000010 0.0009400 0.0009400 0.0000010 0.0009460 0.0000010 0.0000010 0.0000010 0.0010189 0.0009460 0.0039748 0.0000010 0.0000010 0.0000010 0.0010071 0.0000010 0.0000010 0.0020840 0.0000010 0.0000010 0.0000010 0.0038551 0.0038287 0.0009400 0.0000010 0.0009400 0.0000010 0.0000010 0.0018838 0.0000010 0.0000010 0.0022057 0.0000010 0.0000010 0.0000010 0.0009400 0.0000010 0.0116151 0.0104933 0.0104714 0.0104632 0.0124082 0.0104516 0.0081591 0.0125990 0.0167786 0.0114078 0.0123856 0.0114078 0.0114078 0.0124101 0.0104655 0.0123722 0.0104516 0.0104632 0.0114078 0.0095042 0.0095269 0.0094943 0.0095543 0.0094943 0.0094943 0.0094943 0.0095367 0.0104570 0.0283537 0.0372960 0.0337140 
MH751962.1_Eimeria_ferrisi              1.1659172 1.1444835 0.0000010 0.0010604 0.0009417 0.0000010 0.0000010 0.0009556 0.0018854 0.0000010 0.0018887 0.0000021 0.0000010 0.0009400 0.0000010 0.0018586 0.0015555 0.0007765 0.0017196 0.0009414 0.0000010 0.0007780 0.0010729 0.0000010 0.0000010 0.0000000 0.0000010 0.0007894 0.0000010 0.0000010 0.0000010 0.0000010 0.0000010 0.0008547 0.0000010 0.0007765 0.0000010 0.0000010 0.0000010 0.0000010 0.0007663 0.0015614 0.0000010 0.0007719 0.0009400 0.0000010 0.0008607 0.0000010 0.0000010 0.0025265 0.0010189 0.0007704 0.0039748 0.0000010 0.0000010 0.0000010 0.0010071 0.0000010 0.0000010 0.0018797 0.0000010 0.0000010 0.0000010 0.0037051 0.0035833 0.0016326 0.0015601 0.0008252 0.0000010 0.0000010 0.0032333 0.0000010 0.0000010 0.0021515 0.0000010 0.0000010 0.0000010 0.0008547 0.0000010 0.0116151 0.0104933 0.0104714 0.0100849 0.0124082 0.0101480 0.0081591 0.0125990 0.0144799 0.0108562 0.0126527 0.0111690 0.0110276 0.0116707 0.0100867 0.0133967 0.0105834 0.0106230 0.0114131 0.0095042 0.0097262 0.0101636 0.0095543 0.0092955 0.0094943 0.0094547 0.0093288 0.0103710 0.0276985 0.0367812 0.0319768 
MH751963.1_Eimeria_ferrisi              1.1659172 1.1444835 0.0000010 0.0010604 0.0009417 0.0000010 0.0000010 0.0009556 0.0018854 0.0000010 0.0018887 0.0000020 0.0000010 0.0009400 0.0000010 0.0018586 0.0014907 0.0007464 0.0017002 0.0009414 0.0000010 0.0007584 0.0010729 0.0000010 0.0000010 0.0000010 0.0000000 0.0007841 0.0000010 0.0000010 0.0000010 0.0000010 0.0007374 0.0008547 0.0000010 0.0007464 0.0000010 0.0000010 0.0000010 0.0000010 0.0007603 0.0015323 0.0000010 0.0007490 0.0009400 0.0000010 0.0008326 0.0000010 0.0000010 0.0025265 0.0010189 0.0007330 0.0039748 0.0000010 0.0000010 0.0000010 0.0010071 0.0007323 0.0000010 0.0017860 0.0000010 0.0000010 0.0000010 0.0037051 0.0035833 0.0015611 0.0043151 0.0008252 0.0000010 0.0000010 0.0030936 0.0000010 0.0000010 0.0021515 0.0000010 0.0000010 0.0000010 0.0008504 0.0000010 0.0116151 0.0104933 0.0104714 0.0097477 0.0124082 0.0097241 0.0081591 0.0125990 0.0144799 0.0104056 0.0121175 0.0108306 0.0110276 0.0110903 0.0095864 0.0127983 0.0101232 0.0101590 0.0109161 0.0095042 0.0097262 0.0098615 0.0095543 0.0089032 0.0094943 0.0094165 0.0092196 0.0103552 0.0274272 0.0374399 0.0315496 
MH751965.1_Eimeria_ferrisi              1.1659172 1.1444835 0.0007841 0.0010604 0.0009417 0.0000010 0.0000010 0.0009556 0.0018854 0.0000010 0.0018887 0.0007867 0.0000010 0.0009400 0.0007852 0.0018586 0.0023582 0.0000010 0.0017072 0.0009414 0.0009091 0.0000010 0.0010729 0.0007841 0.0000010 0.0007894 0.0007841 0.0000000 0.0007841 0.0000010 0.0000010 0.0000010 0.0007841 0.0000010 0.0007841 0.0000010 0.0010709 0.0007841 0.0007841 0.0007841 0.0015701 0.0007836 0.0007841 0.0015701 0.0009400 0.0007841 0.0008545 0.0007841 0.0007841 0.0016825 0.0010189 0.0015784 0.0039748 0.0007855 0.0007841 0.0007841 0.0010071 0.0007855 0.0007841 0.0018650 0.0007841 0.0007841 0.0007841 0.0037051 0.0047840 0.0024341 0.0015399 0.0016518 0.0007993 0.0000010 0.0040178 0.0000010 0.0000010 0.0032310 0.0000010 0.0007970 0.0007877 0.0008504 0.0000010 0.0116151 0.0104933 0.0104714 0.0111184 0.0124082 0.0111087 0.0081591 0.0125990 0.0160065 0.0119076 0.0135305 0.0119076 0.0119584 0.0127450 0.0111204 0.0141471 0.0113299 0.0113719 0.0121556 0.0095042 0.0088315 0.0095056 0.0095543 0.0103087 0.0094943 0.0103355 0.0103835 0.0111712 0.0267920 0.0359614 0.0309090 
MH751966.1_Eimeria_ferrisi              1.1659172 1.1444835 0.0000010 0.0010604 0.0009417 0.0000010 0.0000010 0.0009556 0.0018854 0.0000010 0.0018887 0.0000020 0.0000010 0.0009400 0.0000010 0.0018586 0.0014916 0.0007469 0.0017002 0.0009414 0.0000010 0.0007584 0.0010729 0.0000010 0.0000010 0.0000010 0.0000010 0.0007841 0.0000000 0.0000010 0.0000010 0.0000010 0.0007535 0.0008547 0.0000010 0.0007469 0.0000010 0.0000010 0.0000010 0.0000010 0.0007715 0.0015323 0.0000010 0.0007536 0.0009400 0.0000010 0.0008326 0.0000010 0.0000010 0.0025265 0.0010189 0.0007472 0.0039748 0.0000010 0.0000010 0.0000010 0.0010071 0.0000010 0.0000010 0.0017842 0.0000010 0.0000010 0.0000010 0.0037051 0.0035833 0.0015597 0.0043083 0.0008252 0.0000010 0.0000010 0.0030910 0.0000010 0.0000010 0.0021515 0.0000010 0.0000010 0.0000010 0.0008504 0.0000010 0.0116151 0.0104933 0.0104714 0.0099151 0.0124082 0.0097744 0.0081591 0.0125990 0.0144799 0.0105308 0.0121075 0.0108306 0.0110276 0.0113197 0.0097842 0.0127871 0.0101145 0.0101503 0.0109068 0.0095042 0.0097262 0.0099089 0.0095543 0.0090545 0.0094943 0.0094165 0.0094260 0.0103552 0.0272093 0.0374282 0.0313858 
MH751967.1_Eimeria_ferrisi              1.1659172 1.1444835 0.0000010 0.0010629 0.0010074 0.0000010 0.0000010 0.0010119 0.0020171 0.0000010 0.0020176 0.0000022 0.0000010 0.0010074 0.0000010 0.0020331 0.0020182 0.0000010 0.0000010 0.0000010 0.0000010 0.0000010 0.0010729 0.0000010 0.0000010 0.0000010 0.0000010 0.0000010 0.0000010 0.0000000 0.0000010 0.0000010 0.0000010 0.0000010 0.0000010 0.0000010 0.0000010 0.0000010 0.0000010 0.0000010 0.0010074 0.0010074 0.0000010 0.0010074 0.0010074 0.0000010 0.0010074 0.0000010 0.0000010 0.0000010 0.0010295 0.0010143 0.0039748 0.0000010 0.0000010 0.0000010 0.0010111 0.0000010 0.0000010 0.0022326 0.0000010 0.0000010 0.0000010 0.0021890 0.0038661 0.0010074 0.0000010 0.0010074 0.0000010 0.0000010 0.0020192 0.0000010 0.0000010 0.0022243 0.0000010 0.0000010 0.0000010 0.0010074 0.0000010 0.0122500 0.0112354 0.0112228 0.0112228 0.0132752 0.0112101 0.0082536 0.0126998 0.0169580 0.0122363 0.0132861 0.0122363 0.0122363 0.0133145 0.0112254 0.0132706 0.0112101 0.0112228 0.0122363 0.0101828 0.0102001 0.0101828 0.0102116 0.0101828 0.0101828 0.0101828 0.0102309 0.0112164 0.0292064 0.0390176 0.0340755 
MH751968.1_Eimeria_ferrisi              1.1659172 1.1444835 0.0000010 0.0010604 0.0009417 0.0000010 0.0000010 0.0009556 0.0018869 0.0000010 0.0018887 0.0000022 0.0000010 0.0009417 0.0000010 0.0019116 0.0018864 0.0000010 0.0000010 0.0000010 0.0000010 0.0000010 0.0010729 0.0000010 0.0000010 0.0000010 0.0000010 0.0000010 0.0000010 0.0000010 0.0000000 0.0000010 0.0000010 0.0000010 0.0000010 0.0000010 0.0000010 0.0000010 0.0000010 0.0000010 0.0009417 0.0009417 0.0000010 0.0009417 0.0009417 0.0000010 0.0009470 0.0000010 0.0000010 0.0000010 0.0010189 0.0009477 0.0039748 0.0000010 0.0000010 0.0000010 0.0010071 0.0000010 0.0000010 0.0020864 0.0000010 0.0000010 0.0000010 0.0038632 0.0038327 0.0009417 0.0000010 0.0009417 0.0000010 0.0000010 0.0018872 0.0000010 0.0000010 0.0022077 0.0000010 0.0000010 0.0000010 0.0009417 0.0000010 0.0116151 0.0104933 0.0104823 0.0104823 0.0124082 0.0104705 0.0081591 0.0126097 0.0167979 0.0114295 0.0124082 0.0114295 0.0114295 0.0124329 0.0104846 0.0123947 0.0104705 0.0104823 0.0114295 0.0095115 0.0095442 0.0095115 0.0095543 0.0095115 0.0095115 0.0095115 0.0095541 0.0104760 0.0283765 0.0373661 0.0337529 
MH751969.1_Eimeria_ferrisi              1.1659172 1.1444835 0.0000010 0.0010604 0.0009509 0.0000010 0.0000010 0.0009556 0.0019038 0.0000010 0.0019057 0.0000022 0.0000010 0.0009509 0.0000010 0.0019195 0.0019048 0.0000010 0.0000010 0.0000010 0.0000010 0.0000010 0.0010729 0.0000010 0.0000010 0.0000010 0.0000010 0.0000010 0.0000010 0.0000010 0.0000010 0.0000000 0.0000010 0.0000010 0.0000010 0.0000010 0.0000010 0.0000010 0.0000010 0.0000010 0.0009509 0.0009509 0.0000010 0.0009509 0.0009509 0.0000010 0.0009509 0.0000010 0.0000010 0.0000010 0.0010189 0.0009570 0.0039748 0.0000010 0.0000010 0.0000010 0.0010071 0.0000010 0.0000010 0.0020958 0.0000010 0.0000010 0.0000010 0.0019419 0.0038620 0.0009509 0.0000010 0.0009509 0.0000010 0.0000010 0.0019056 0.0000010 0.0000010 0.0022223 0.0000010 0.0000010 0.0000010 0.0009509 0.0000010 0.0116822 0.0105967 0.0105855 0.0105855 0.0125207 0.0105735 0.0081591 0.0126888 0.0169384 0.0115420 0.0125305 0.0115420 0.0115420 0.0125557 0.0105878 0.0125168 0.0105735 0.0105855 0.0115420 0.0096050 0.0096384 0.0096050 0.0096486 0.0096050 0.0096050 0.0096050 0.0096485 0.0105791 0.0275421 0.0377448 0.0340358 
MH751970.1_Eimeria_ferrisi              1.1659172 1.1444835 0.0000010 0.0010604 0.0009417 0.0000010 0.0000010 0.0009556 0.0018854 0.0000010 0.0018887 0.0007559 0.0000010 0.0009400 0.0000010 0.0018586 0.0022647 0.0015084 0.0017002 0.0009414 0.0000010 0.0007584 0.0010729 0.0000010 0.0000010 0.0000010 0.0007374 0.0007841 0.0007535 0.0000010 0.0000010 0.0000010 0.0000000 0.0008547 0.0007368 0.0015084 0.0000010 0.0000010 0.0000010 0.0000010 0.0007603 0.0015323 0.0007437 0.0007490 0.0009400 0.0000010 0.0008326 0.0000010 0.0007530 0.0025265 0.0010189 0.0014832 0.0039748 0.0007380 0.0007368 0.0007368 0.0010071 0.0022203 0.0007368 0.0027201 0.0007368 0.0007368 0.0007368 0.0037051 0.0035833 0.0023732 0.0058971 0.0008252 0.0007796 0.0000010 0.0039183 0.0014740 0.0000010 0.0021515 0.0000010 0.0000010 0.0000010 0.0008504 0.0000010 0.0116151 0.0104933 0.0104714 0.0097477 0.0124082 0.0106064 0.0081591 0.0125990 0.0144799 0.0112909 0.0130421 0.0108306 0.0110276 0.0119698 0.0104458 0.0137849 0.0110475 0.0110875 0.0118522 0.0095042 0.0097262 0.0098615 0.0095543 0.0097356 0.0094943 0.0094165 0.0092118 0.0103552 0.0274016 0.0386725 0.0315094 
MH751972.1_Eimeria_ferrisi              1.1659172 1.1444835 0.0008547 0.0010604 0.0009417 0.0000010 0.0000010 0.0009556 0.0018854 0.0000010 0.0018887 0.0008571 0.0000010 0.0009400 0.0008547 0.0018586 0.0025687 0.0000010 0.0009188 0.0009414 0.0009261 0.0000010 0.0010729 0.0008547 0.0000010 0.0008547 0.0008547 0.0000010 0.0008547 0.0000010 0.0000010 0.0000010 0.0008547 0.0000000 0.0008547 0.0000010 0.0010946 0.0008547 0.0008547 0.0008547 0.0017103 0.0008541 0.0008547 0.0017103 0.0009400 0.0008547 0.0009210 0.0008547 0.0008547 0.0017114 0.0010189 0.0017203 0.0039748 0.0008563 0.0008547 0.0008547 0.0010071 0.0008563 0.0008547 0.0020234 0.0008547 0.0008547 0.0008547 0.0037051 0.0047840 0.0026136 0.0017655 0.0017239 0.0008573 0.0000010 0.0043094 0.0000010 0.0000010 0.0032310 0.0000010 0.0008547 0.0008547 0.0009142 0.0000010 0.0116151 0.0104933 0.0104714 0.0103735 0.0124082 0.0103638 0.0081591 0.0125990 0.0164149 0.0112330 0.0129980 0.0112330 0.0119584 0.0121421 0.0103756 0.0133993 0.0104034 0.0104451 0.0112866 0.0095042 0.0088676 0.0086206 0.0095543 0.0094936 0.0094943 0.0094936 0.0095315 0.0103687 0.0272839 0.0374749 0.0317003 
MH751979.1_Eimeria_ferrisi              1.1659172 1.1444835 0.0000010 0.0010604 0.0009417 0.0000010 0.0000010 0.0009556 0.0018854 0.0000010 0.0018887 0.0000020 0.0000010 0.0009400 0.0000010 0.0018586 0.0014907 0.0007464 0.0017002 0.0009414 0.0000010 0.0007584 0.0010729 0.0000010 0.0000010 0.0000010 0.0000010 0.0007841 0.0000010 0.0000010 0.0000010 0.0000010 0.0007368 0.0008547 0.0000000 0.0007464 0.0000010 0.0000010 0.0000010 0.0000010 0.0007603 0.0015323 0.0000010 0.0007490 0.0009400 0.0000010 0.0008326 0.0000010 0.0000010 0.0025265 0.0010189 0.0007236 0.0039748 0.0000010 0.0000010 0.0000010 0.0010071 0.0043901 0.0000010 0.0017842 0.0000010 0.0000010 0.0000010 0.0037051 0.0035833 0.0015597 0.0043083 0.0008252 0.0000010 0.0000010 0.0030910 0.0000010 0.0000010 0.0021515 0.0000010 0.0000010 0.0000010 0.0008504 0.0000010 0.0116151 0.0104933 0.0104714 0.0097477 0.0124082 0.0097161 0.0081591 0.0125990 0.0144799 0.0103971 0.0121075 0.0108306 0.0110276 0.0109355 0.0094529 0.0127871 0.0101145 0.0101503 0.0109068 0.0095042 0.0097262 0.0098615 0.0095543 0.0089032 0.0094943 0.0094165 0.0090935 0.0103552 0.0270097 0.0369008 0.0308982 
