109
Hadz_566_6_F.Nem_0425_4_2_R_ASV_1       0.0000000 0.0000010 0.0027437 0.0027437 0.0000010 0.0000010 0.0027437 0.0055067 0.0000010 0.0055117 0.0000028 0.0000010 0.0027437 0.0000010 0.0055440 0.0027521 0.0000010 0.0000010 0.0000010 0.0000010 0.0000010 0.0027524 0.0000010 0.0000010 0.0000010 0.0000010 0.0000010 0.0000010 0.0000010 0.0000010 0.0000010 0.0000010 0.0000010 0.0000010 0.0000010 0.0000010 0.0000010 0.0000010 0.0000010 0.0027437 0.0027437 0.0000010 0.0027437 0.0027437 0.0000010 0.0027437 0.0000010 0.0000010 0.0000010 0.0028366 0.0000010 0.0027437 0.0000010 0.0000010 0.0000010 0.0027557 0.0000010 0.0000010 0.0000010 0.0000010 0.0000010 0.0000010 0.0040126 0.0084060 0.0027437 0.0000010 0.0027437 0.0000010 0.0000010 0.0000010 0.0000010 0.0000010 0.0027437 0.0000010 0.0000010 0.0000010 0.0027437 0.0000010 0.0225242 0.0197400 0.0197400 0.0197400 0.0254369 0.0196773 0.0198032 0.0197400 0.0309942 0.0225242 0.0225961 0.0225242 0.0225242 0.0256641 0.0196773 0.0225242 0.0196773 0.0197400 0.0225242 0.0168266 0.0168266 0.0168266 0.0168266 0.0168266 0.0168266 0.0168266 0.0170561 0.0168266 0.0441256 0.0472435 0.0477485 
MH751925.1_Eimeria_ferrisi              0.0000010 0.0000000 0.0010612 0.0009424 0.0000010 0.0000010 0.0009565 0.0018870 0.0000010 0.0018902 0.0000023 0.0000010 0.0009401 0.0000010 0.0018606 0.0015192 0.0007590 0.0017015 0.0009418 0.0000010 0.0007619 0.0010736 0.0000010 0.0000010 0.0000010 0.0000010 0.0007847 0.0000010 0.0000010 0.0000010 0.0000010 0.0000010 0.0008549 0.0000010 0.0007590 0.0000010 0.0000010 0.0000010 0.0000010 0.0007762 0.0015343 0.0000010 0.0007586 0.0009401 0.0000010 0.0008332 0.0000010 0.0000010 0.0025283 0.0010203 0.0007626 0.0039757 0.0000010 0.0000010 0.0000010 0.0010078 0.0000010 0.0000010 0.0018164 0.0000010 0.0000010 0.0000010 0.0037020 0.0035812 0.0015844 0.0044231 0.0008254 0.0000010 0.0000010 0.0031382 0.0000010 0.0000010 0.0021513 0.0000010 0.0000010 0.0000010 0.0008506 0.0000010 0.0116362 0.0104987 0.0104874 0.0099835 0.0124253 0.0099745 0.0081750 0.0126144 0.0145124 0.0107465 0.0123138 0.0108489 0.0110400 0.0115536 0.0099854 0.0129985 0.0102751 0.0103148 0.0110808 0.0095197 0.0097387 0.0099774 0.0095689 0.0092019 0.0095095 0.0094376 0.0094835 0.0103633 0.0265233 0.0374799 0.0303906 
MH751927.1_Eimeria_ferrisi              0.0027437 0.0010612 0.0000000 0.0000010 0.0010612 0.0010612 0.0000010 0.0010616 0.0010612 0.0010620 0.0010650 0.0010646 0.0000010 0.0010612 0.0031976 0.0000020 0.0010612 0.0010612 0.0010612 0.0010612 0.0010620 0.0000010 0.0010612 0.0010612 0.0010612 0.0010612 0.0010612 0.0010612 0.0010637 0.0010612 0.0010612 0.0010612 0.0010612 0.0010612 0.0010612 0.0012864 0.0010612 0.0010612 0.0010612 0.0000010 0.0000010 0.0010612 0.0000010 0.0000010 0.0010612 0.0000010 0.0010612 0.0010612 0.0010612 0.0021560 0.0021392 0.0026477 0.0010636 0.0010612 0.0010612 0.0000010 0.0010637 0.0010612 0.0033475 0.0010612 0.0010612 0.0010612 0.0000010 0.0027564 0.0000010 0.0020950 0.0000010 0.0010612 0.0011630 0.0010612 0.0021120 0.0010612 0.0011793 0.0010637 0.0010612 0.0010612 0.0000010 0.0011146 0.0085847 0.0075074 0.0075074 0.0075074 0.0096600 0.0074983 0.0075166 0.0089360 0.0121366 0.0085743 0.0096697 0.0085743 0.0085743 0.0096925 0.0075095 0.0096579 0.0074983 0.0075074 0.0085743 0.0085743 0.0085888 0.0085743 0.0085993 0.0085743 0.0085743 0.0085743 0.0086188 0.0096615 0.0286196 0.0378606 0.0336354 
MH751928.1_Eimeria_ferrisi              0.0027437 0.0009424 0.0000010 0.0000000 0.0009424 0.0009424 0.0000010 0.0009435 0.0009424 0.0009444 0.0009455 0.0009483 0.0000010 0.0009424 0.0028736 0.0009431 0.0009424 0.0009449 0.0009424 0.0009989 0.0009431 0.0000010 0.0009424 0.0009424 0.0009424 0.0009424 0.0009424 0.0009424 0.0010081 0.0009424 0.0009519 0.0009424 0.0009424 0.0009424 0.0009424 0.0011960 0.0009424 0.0009424 0.0009424 0.0000010 0.0000010 0.0009424 0.0000010 0.0000010 0.0009424 0.0000010 0.0009424 0.0009424 0.0009424 0.0020419 0.0018982 0.0026477 0.0009444 0.0009424 0.0009424 0.0000010 0.0009445 0.0009424 0.0031366 0.0009424 0.0009424 0.0009424 0.0019285 0.0025500 0.0000010 0.0018613 0.0000010 0.0009424 0.0011294 0.0028352 0.0018746 0.0009461 0.0011029 0.0009999 0.0009424 0.0009424 0.0000010 0.0010454 0.0106576 0.0095370 0.0095370 0.0095370 0.0114608 0.0095267 0.0071473 0.0115628 0.0153805 0.0104845 0.0114626 0.0104845 0.0104845 0.0114866 0.0095394 0.0114502 0.0095267 0.0095370 0.0104845 0.0104845 0.0105196 0.0104845 0.0105311 0.0104845 0.0104845 0.0104845 0.0105329 0.0114540 0.0294512 0.0385032 0.0352044 
MH751929.1_Eimeria_ferrisi              0.0000010 0.0000010 0.0010612 0.0009424 0.0000000 0.0000010 0.0009565 0.0018881 0.0000010 0.0018902 0.0000028 0.0000010 0.0009414 0.0000010 0.0019127 0.0018858 0.0000010 0.0000010 0.0000010 0.0000010 0.0000010 0.0010736 0.0000010 0.0000010 0.0000010 0.0000010 0.0000010 0.0000010 0.0000010 0.0000010 0.0000010 0.0000010 0.0000010 0.0000010 0.0000010 0.0000010 0.0000010 0.0000010 0.0000010 0.0009414 0.0009414 0.0000010 0.0009414 0.0009414 0.0000010 0.0009468 0.0000010 0.0000010 0.0000010 0.0010203 0.0009475 0.0039757 0.0000010 0.0000010 0.0000010 0.0010078 0.0000010 0.0000010 0.0020878 0.0000010 0.0000010 0.0000010 0.0038546 0.0038297 0.0009414 0.0000010 0.0009414 0.0000010 0.0000010 0.0018869 0.0000010 0.0000010 0.0022077 0.0000010 0.0000010 0.0000010 0.0009414 0.0000010 0.0116362 0.0104987 0.0104874 0.0104874 0.0124253 0.0104758 0.0081750 0.0126246 0.0167976 0.0114338 0.0124134 0.0114338 0.0114338 0.0124399 0.0104898 0.0123999 0.0104758 0.0104874 0.0114338 0.0095267 0.0095482 0.0095164 0.0095689 0.0095164 0.0095164 0.0095164 0.0095601 0.0104830 0.0284548 0.0374550 0.0337709 
MH751930.1_Eimeria_ferrisi              0.0000010 0.0000010 0.0010612 0.0009424 0.0000010 0.0000000 0.0009565 0.0018881 0.0000010 0.0018902 0.0000028 0.0000010 0.0009414 0.0000010 0.0019127 0.0018858 0.0000010 0.0000010 0.0000010 0.0000010 0.0000010 0.0010736 0.0000010 0.0000010 0.0000010 0.0000010 0.0000010 0.0000010 0.0000010 0.0000010 0.0000010 0.0000010 0.0000010 0.0000010 0.0000010 0.0000010 0.0000010 0.0000010 0.0000010 0.0009414 0.0009414 0.0000010 0.0009414 0.0009414 0.0000010 0.0009468 0.0000010 0.0000010 0.0000010 0.0010203 0.0009475 0.0039757 0.0000010 0.0000010 0.0000010 0.0010078 0.0000010 0.0000010 0.0020878 0.0000010 0.0000010 0.0000010 0.0038546 0.0038297 0.0009414 0.0000010 0.0009414 0.0000010 0.0000010 0.0018869 0.0000010 0.0000010 0.0022077 0.0000010 0.0000010 0.0000010 0.0009414 0.0000010 0.0116362 0.0104987 0.0104874 0.0104874 0.0124253 0.0104758 0.0081750 0.0126246 0.0167976 0.0114338 0.0124134 0.0114338 0.0114338 0.0124399 0.0104898 0.0123999 0.0104758 0.0104874 0.0114338 0.0095267 0.0095482 0.0095164 0.0095689 0.0095164 0.0095164 0.0095164 0.0095601 0.0104830 0.0284548 0.0374550 0.0337709 
MH751932.1_Eimeria_ferrisi              0.0027437 0.0009565 0.0000010 0.0000010 0.0009565 0.0009565 0.0000000 0.0009569 0.0009565 0.0009579 0.0009598 0.0009619 0.0000010 0.0009565 0.0028856 0.0000029 0.0009565 0.0009565 0.0009565 0.0010106 0.0009572 0.0000010 0.0009565 0.0009565 0.0009565 0.0009565 0.0009565 0.0009565 0.0010129 0.0009565 0.0009565 0.0009565 0.0009565 0.0009565 0.0009565 0.0012128 0.0009565 0.0009565 0.0009565 0.0000010 0.0000010 0.0009565 0.0000010 0.0000010 0.0009565 0.0000010 0.0009565 0.0009565 0.0009565 0.0020419 0.0019271 0.0026477 0.0009585 0.0009565 0.0009565 0.0000010 0.0009586 0.0009565 0.0031511 0.0009565 0.0009565 0.0009565 0.0000010 0.0025880 0.0000010 0.0018764 0.0000010 0.0009565 0.0011294 0.0028784 0.0018899 0.0009565 0.0011172 0.0010040 0.0009565 0.0009565 0.0000010 0.0010501 0.0078191 0.0067613 0.0067613 0.0067613 0.0086992 0.0067536 0.0071473 0.0084888 0.0113262 0.0077230 0.0087077 0.0077230 0.0077230 0.0087256 0.0067627 0.0086981 0.0067536 0.0067613 0.0077230 0.0077230 0.0077482 0.0077230 0.0077568 0.0077230 0.0077230 0.0077230 0.0077588 0.0087010 0.0257356 0.0360112 0.0313707 
MH751933.1_Eimeria_ferrisi              0.0055067 0.0018870 0.0010616 0.0009435 0.0018881 0.0018881 0.0009569 0.0000000 0.0018870 0.0018909 0.0018925 0.0018986 0.0009423 0.0018870 0.0038386 0.0018885 0.0018870 0.0018932 0.0028334 0.0019987 0.0018884 0.0010741 0.0018870 0.0018870 0.0018870 0.0018870 0.0018870 0.0018870 0.0020190 0.0018881 0.0019060 0.0018870 0.0018870 0.0018870 0.0018870 0.0023933 0.0018870 0.0018870 0.0018870 0.0009423 0.0009423 0.0018870 0.0009423 0.0009423 0.0018870 0.0009489 0.0018870 0.0018870 0.0018870 0.0030667 0.0028504 0.0039778 0.0018908 0.0018870 0.0018870 0.0010081 0.0018910 0.0018870 0.0041915 0.0018870 0.0018870 0.0018870 0.0019314 0.0038274 0.0009423 0.0018639 0.0009423 0.0018870 0.0022621 0.0037845 0.0018773 0.0018933 0.0022069 0.0020033 0.0018870 0.0018870 0.0009423 0.0020950 0.0116406 0.0105104 0.0105104 0.0105027 0.0124300 0.0104912 0.0081782 0.0126186 0.0167888 0.0114507 0.0124321 0.0114507 0.0114507 0.0124580 0.0105052 0.0124186 0.0104912 0.0105027 0.0114507 0.0114507 0.0114891 0.0114507 0.0115099 0.0114507 0.0114507 0.0114507 0.0115035 0.0124227 0.0304456 0.0395375 0.0366353 
MH751935.1_Eimeria_ferrisi              0.0000010 0.0000010 0.0010612 0.0009424 0.0000010 0.0000010 0.0009565 0.0018870 0.0000000 0.0018902 0.0000028 0.0000010 0.0009412 0.0000010 0.0019147 0.0018865 0.0000010 0.0000010 0.0009418 0.0000010 0.0000010 0.0010736 0.0000010 0.0000010 0.0000010 0.0000010 0.0000010 0.0000010 0.0000010 0.0000010 0.0000010 0.0000010 0.0000010 0.0000010 0.0000010 0.0000010 0.0000010 0.0000010 0.0000010 0.0009412 0.0009412 0.0000010 0.0009412 0.0009412 0.0000010 0.0009479 0.0000010 0.0000010 0.0000010 0.0010203 0.0009471 0.0039757 0.0000010 0.0000010 0.0000010 0.0010078 0.0000010 0.0000010 0.0020903 0.0000010 0.0000010 0.0000010 0.0038631 0.0038255 0.0009412 0.0000010 0.0009412 0.0000010 0.0000010 0.0018878 0.0000010 0.0000010 0.0022060 0.0000010 0.0000010 0.0000010 0.0009412 0.0000010 0.0116362 0.0104987 0.0104987 0.0104910 0.0124253 0.0104796 0.0081750 0.0126144 0.0167796 0.0114380 0.0124183 0.0114380 0.0114380 0.0124442 0.0104936 0.0124048 0.0104796 0.0104910 0.0114380 0.0095197 0.0095516 0.0095197 0.0095689 0.0095197 0.0095197 0.0095197 0.0095635 0.0104868 0.0284332 0.0374678 0.0337341 
MH751936.1_Eimeria_ferrisi              0.0055117 0.0018902 0.0010620 0.0009444 0.0018902 0.0018902 0.0009579 0.0018909 0.0018902 0.0000000 0.0018963 0.0018992 0.0009444 0.0018902 0.0038427 0.0018919 0.0018902 0.0018953 0.0018902 0.0020005 0.0018916 0.0010745 0.0018902 0.0018902 0.0018902 0.0018902 0.0018902 0.0018902 0.0020197 0.0018902 0.0019071 0.0018902 0.0018902 0.0018902 0.0018902 0.0023958 0.0018902 0.0018902 0.0018902 0.0009444 0.0009444 0.0018902 0.0009444 0.0009444 0.0018902 0.0009500 0.0018902 0.0018902 0.0018902 0.0030678 0.0028554 0.0039795 0.0018941 0.0018902 0.0018902 0.0010085 0.0018943 0.0018902 0.0041964 0.0018902 0.0018902 0.0018902 0.0038801 0.0038332 0.0009444 0.0037439 0.0009444 0.0018902 0.0022629 0.0037903 0.0037708 0.0018968 0.0022094 0.0020056 0.0018902 0.0018902 0.0009444 0.0020966 0.0116443 0.0105216 0.0105216 0.0105216 0.0124432 0.0105100 0.0081810 0.0126341 0.0153805 0.0114711 0.0124541 0.0114711 0.0114711 0.0124806 0.0105240 0.0124405 0.0105100 0.0105216 0.0114711 0.0114711 0.0115009 0.0114711 0.0115135 0.0114711 0.0114711 0.0114711 0.0115243 0.0124446 0.0305018 0.0396112 0.0352044 
MH751938.1_Eimeria_ferrisi              0.0000028 0.0000023 0.0010650 0.0009455 0.0000028 0.0000028 0.0009598 0.0018925 0.0000028 0.0018963 0.0000000 0.0000028 0.0009438 0.0000024 0.0009320 0.0014932 0.0007491 0.0017064 0.0009453 0.0000026 0.0007604 0.0010777 0.0000023 0.0000028 0.0000024 0.0000023 0.0007865 0.0000023 0.0000029 0.0000028 0.0000028 0.0007556 0.0008575 0.0000023 0.0007491 0.0000028 0.0000023 0.0000023 0.0000023 0.0007739 0.0015357 0.0000023 0.0007557 0.0009438 0.0000023 0.0008346 0.0000023 0.0000023 0.0025354 0.0010228 0.0007499 0.0039939 0.0000023 0.0000023 0.0000023 0.0010114 0.0000023 0.0000023 0.0017918 0.0000023 0.0000023 0.0000023 0.0037263 0.0035960 0.0015655 0.0043266 0.0008277 0.0000023 0.0000020 0.0031015 0.0000021 0.0000028 0.0021591 0.0000027 0.0000024 0.0000024 0.0008525 0.0000027 0.0106861 0.0095615 0.0095512 0.0091681 0.0114902 0.0090455 0.0071671 0.0115853 0.0132984 0.0098033 0.0113801 0.0100737 0.0101375 0.0105929 0.0090550 0.0120238 0.0093620 0.0093971 0.0101554 0.0085828 0.0088680 0.0091628 0.0086271 0.0083133 0.0085735 0.0086493 0.0086604 0.0095808 0.0273549 0.0367946 0.0290259 
MH751939.1_Eimeria_ferrisi              0.0000010 0.0000010 0.0010646 0.0009483 0.0000010 0.0000010 0.0009619 0.0018986 0.0000010 0.0018992 0.0000028 0.0000000 0.0009483 0.0000010 0.0019260 0.0018996 0.0000010 0.0000010 0.0000010 0.0000010 0.0000010 0.0010759 0.0000010 0.0000010 0.0000010 0.0000010 0.0000010 0.0000010 0.0000010 0.0000010 0.0000010 0.0000010 0.0000010 0.0000010 0.0000010 0.0000010 0.0000010 0.0000010 0.0000010 0.0009483 0.0009483 0.0000010 0.0009483 0.0009483 0.0000010 0.0009539 0.0000010 0.0000010 0.0000010 0.0010244 0.0009545 0.0039757 0.0000010 0.0000010 0.0000010 0.0010117 0.0000010 0.0000010 0.0021027 0.0000010 0.0000010 0.0000010 0.0039065 0.0038336 0.0009483 0.0000010 0.0009483 0.0000010 0.0000010 0.0019009 0.0000010 0.0000010 0.0022096 0.0000010 0.0000010 0.0000010 0.0009483 0.0000010 0.0116916 0.0105646 0.0105646 0.0105646 0.0124941 0.0105530 0.0082168 0.0126607 0.0168162 0.0115181 0.0125053 0.0115181 0.0115181 0.0125318 0.0105672 0.0124916 0.0105530 0.0105646 0.0115181 0.0095864 0.0095936 0.0095864 0.0096113 0.0095864 0.0095864 0.0095864 0.0096307 0.0105602 0.0286166 0.0377399 0.0338087 
MH751944.1_Eimeria_ferrisi              0.0027437 0.0009401 0.0000010 0.0000010 0.0009414 0.0009414 0.0000010 0.0009423 0.0009412 0.0009444 0.0009438 0.0009483 0.0000000 0.0009401 0.0028704 0.0009415 0.0009401 0.0009439 0.0018855 0.0009982 0.0009409 0.0000010 0.0009401 0.0009401 0.0009401 0.0009401 0.0009401 0.0009401 0.0010081 0.0009424 0.0009519 0.0009401 0.0009401 0.0009401 0.0009401 0.0011950 0.0009401 0.0009401 0.0009401 0.0000010 0.0000010 0.0009401 0.0000010 0.0000010 0.0009401 0.0000010 0.0009401 0.0009401 0.0009401 0.0020419 0.0018948 0.0026477 0.0009422 0.0009401 0.0009401 0.0000010 0.0009423 0.0009401 0.0031335 0.0009401 0.0009401 0.0009401 0.0019243 0.0025479 0.0000010 0.0018573 0.0000010 0.0009401 0.0011294 0.0028300 0.0018706 0.0009456 0.0011020 0.0009987 0.0009401 0.0009401 0.0000010 0.0010441 0.0106576 0.0095370 0.0095267 0.0095198 0.0114608 0.0095095 0.0071473 0.0115527 0.0153639 0.0104657 0.0114421 0.0104657 0.0104657 0.0114658 0.0095221 0.0114297 0.0095095 0.0095198 0.0104657 0.0104770 0.0105007 0.0104657 0.0105311 0.0104657 0.0104657 0.0104657 0.0105138 0.0114335 0.0294288 0.0384311 0.0351663 
MH751945.1_Eimeria_ferrisi              0.0000010 0.0000010 0.0010612 0.0009424 0.0000010 0.0000010 0.0009565 0.0018870 0.0000010 0.0018902 0.0000024 0.0000010 0.0009401 0.0000000 0.0018606 0.0015466 0.0007730 0.0017107 0.0009418 0.0000010 0.0007735 0.0010736 0.0000010 0.0000010 0.0000010 0.0000010 0.0007857 0.0000010 0.0000010 0.0000010 0.0000010 0.0000010 0.0008549 0.0000010 0.0007730 0.0000010 0.0000010 0.0000010 0.0000010 0.0007726 0.0015530 0.0000010 0.0007726 0.0009401 0.0000010 0.0008560 0.0000010 0.0000010 0.0025283 0.0010203 0.0007768 0.0039757 0.0000010 0.0000010 0.0000010 0.0010078 0.0000010 0.0000010 0.0018689 0.0000010 0.0000010 0.0000010 0.0037020 0.0035812 0.0016239 0.0015413 0.0008254 0.0000010 0.0000010 0.0032173 0.0000010 0.0000010 0.0021513 0.0000010 0.0000010 0.0000010 0.0008506 0.0000010 0.0116362 0.0104987 0.0104874 0.0101671 0.0124253 0.0101587 0.0081750 0.0126144 0.0144746 0.0109440 0.0125945 0.0111164 0.0110400 0.0117666 0.0101698 0.0133353 0.0105342 0.0105750 0.0113598 0.0095197 0.0097387 0.0101616 0.0095689 0.0093707 0.0095095 0.0094217 0.0094280 0.0103633 0.0272550 0.0363152 0.0313654 
MH751946.1_Eimeria_ferrisi              0.0055440 0.0018606 0.0031976 0.0028736 0.0019127 0.0019127 0.0028856 0.0038386 0.0019147 0.0038427 0.0009320 0.0019260 0.0028704 0.0018606 0.0000000 0.0027950 0.0018606 0.0027949 0.0019147 0.0020315 0.0018620 0.0032357 0.0018606 0.0019127 0.0018606 0.0018606 0.0018606 0.0018606 0.0020362 0.0019147 0.0019227 0.0018606 0.0018606 0.0018606 0.0018606 0.0024407 0.0018606 0.0018606 0.0018606 0.0027922 0.0027922 0.0018606 0.0027922 0.0028704 0.0018606 0.0027922 0.0018606 0.0018606 0.0027949 0.0030744 0.0028102 0.0066633 0.0018645 0.0018606 0.0018606 0.0030547 0.0018646 0.0018606 0.0040694 0.0018606 0.0018606 0.0018606 0.0074475 0.0065253 0.0027922 0.0053274 0.0027922 0.0018606 0.0022675 0.0027940 0.0035706 0.0019227 0.0045007 0.0019476 0.0018606 0.0018606 0.0027922 0.0020335 0.0068486 0.0057769 0.0057706 0.0056133 0.0077137 0.0056073 0.0061239 0.0074358 0.0099247 0.0065452 0.0084423 0.0065452 0.0067281 0.0075114 0.0056147 0.0074883 0.0056073 0.0056133 0.0065452 0.0048052 0.0048161 0.0046693 0.0048267 0.0046693 0.0047999 0.0046693 0.0046903 0.0056111 0.0248034 0.0339186 0.0270789 
MH751947.1_Eimeria_ferrisi              0.0027521 0.0015192 0.0000020 0.0009431 0.0018858 0.0018858 0.0000029 0.0018885 0.0018865 0.0018919 0.0014932 0.0018996 0.0009415 0.0015466 0.0027950 0.0000000 0.0022442 0.0034095 0.0028326 0.0017978 0.0022795 0.0000020 0.0015085 0.0018845 0.0015549 0.0014898 0.0023583 0.0014907 0.0020200 0.0018878 0.0019068 0.0022638 0.0025704 0.0014898 0.0022442 0.0020957 0.0015085 0.0015085 0.0015085 0.0007722 0.0015324 0.0014946 0.0007537 0.0009415 0.0015220 0.0008332 0.0015220 0.0014946 0.0042218 0.0020444 0.0022476 0.0026516 0.0014953 0.0014898 0.0014898 0.0010082 0.0014954 0.0014898 0.0026835 0.0014898 0.0014898 0.0014898 0.0018522 0.0035851 0.0015625 0.0057546 0.0008260 0.0015414 0.0011304 0.0046488 0.0014382 0.0018918 0.0021532 0.0009321 0.0015960 0.0015605 0.0008512 0.0009732 0.0096925 0.0085854 0.0085761 0.0083841 0.0105085 0.0082722 0.0071557 0.0105068 0.0120548 0.0090279 0.0106024 0.0092817 0.0091961 0.0098131 0.0082809 0.0112011 0.0085661 0.0085982 0.0093570 0.0095277 0.0097462 0.0099128 0.0095769 0.0090568 0.0095174 0.0094278 0.0094348 0.0103700 0.0272757 0.0375254 0.0301708 
MH751949.1_Eimeria_ferrisi              0.0000010 0.0007590 0.0010612 0.0009424 0.0000010 0.0000010 0.0009565 0.0018870 0.0000010 0.0018902 0.0007491 0.0000010 0.0009401 0.0007730 0.0018606 0.0022442 0.0000000 0.0017015 0.0009418 0.0008986 0.0000010 0.0010736 0.0007537 0.0000010 0.0007764 0.0007467 0.0000010 0.0007472 0.0000010 0.0000010 0.0000010 0.0015078 0.0000010 0.0007467 0.0000010 0.0010468 0.0007537 0.0007537 0.0007537 0.0015448 0.0007648 0.0007467 0.0015078 0.0009401 0.0007604 0.0008318 0.0007604 0.0007467 0.0016834 0.0010203 0.0015018 0.0039757 0.0007479 0.0007467 0.0007467 0.0010078 0.0007480 0.0007467 0.0017931 0.0007467 0.0007467 0.0007467 0.0037020 0.0047815 0.0023521 0.0043319 0.0016524 0.0007727 0.0000010 0.0038837 0.0000010 0.0000010 0.0032309 0.0000010 0.0007970 0.0007800 0.0008506 0.0000010 0.0116362 0.0104987 0.0104874 0.0106840 0.0124253 0.0105746 0.0081750 0.0126144 0.0157031 0.0113347 0.0129322 0.0116171 0.0119729 0.0121316 0.0105860 0.0136659 0.0109526 0.0109938 0.0117501 0.0095197 0.0088409 0.0091337 0.0095689 0.0098138 0.0095095 0.0102159 0.0102230 0.0111713 0.0281633 0.0384795 0.0326187 
MH751950.1_Eimeria_ferrisi              0.0000010 0.0017015 0.0010612 0.0009449 0.0000010 0.0000010 0.0009565 0.0018932 0.0000010 0.0018953 0.0017064 0.0000010 0.0009439 0.0017107 0.0027949 0.0034095 0.0017015 0.0000000 0.0000010 0.0000010 0.0017027 0.0010736 0.0017015 0.0000010 0.0017207 0.0017015 0.0017085 0.0017015 0.0000010 0.0000010 0.0000010 0.0017015 0.0009194 0.0017015 0.0017015 0.0000010 0.0017015 0.0017015 0.0017015 0.0025633 0.0025535 0.0017015 0.0025535 0.0009439 0.0017015 0.0025608 0.0017015 0.0017015 0.0000010 0.0010203 0.0025686 0.0039757 0.0017047 0.0017015 0.0017015 0.0010078 0.0017048 0.0017015 0.0037263 0.0017015 0.0017015 0.0017015 0.0055699 0.0038435 0.0025535 0.0061412 0.0026401 0.0017015 0.0000010 0.0034116 0.0030743 0.0000010 0.0022146 0.0018667 0.0017085 0.0017168 0.0025686 0.0019490 0.0116678 0.0105268 0.0105154 0.0129401 0.0124586 0.0129275 0.0081750 0.0126618 0.0168635 0.0137957 0.0155664 0.0137957 0.0114643 0.0147144 0.0129431 0.0146727 0.0129275 0.0129401 0.0137957 0.0095521 0.0095737 0.0120573 0.0095946 0.0120573 0.0095418 0.0121403 0.0122059 0.0130620 0.0285327 0.0402160 0.0339035 
MH751953.1_Eimeria_ferrisi              0.0000010 0.0009418 0.0010612 0.0009424 0.0000010 0.0000010 0.0009565 0.0028334 0.0009418 0.0018902 0.0009453 0.0000010 0.0018855 0.0009418 0.0019147 0.0028326 0.0009418 0.0000010 0.0000000 0.0009988 0.0009425 0.0010736 0.0009418 0.0009418 0.0009418 0.0009418 0.0009418 0.0009418 0.0000010 0.0000010 0.0000010 0.0009418 0.0009418 0.0009418 0.0009418 0.0011959 0.0009418 0.0009418 0.0009418 0.0018855 0.0018855 0.0009418 0.0018855 0.0018855 0.0009418 0.0009479 0.0009418 0.0009418 0.0009418 0.0010203 0.0018979 0.0039757 0.0009438 0.0009418 0.0009418 0.0010078 0.0009439 0.0009418 0.0020903 0.0009418 0.0009418 0.0009418 0.0038631 0.0051089 0.0018855 0.0000010 0.0018855 0.0009418 0.0000010 0.0028347 0.0000010 0.0009462 0.0033130 0.0000010 0.0009418 0.0009418 0.0018855 0.0000010 0.0116362 0.0104987 0.0104987 0.0114573 0.0124253 0.0114448 0.0081750 0.0136822 0.0182074 0.0124046 0.0133879 0.0124046 0.0124046 0.0134162 0.0114600 0.0133734 0.0114448 0.0114573 0.0124046 0.0104831 0.0105182 0.0104831 0.0095689 0.0104831 0.0104831 0.0104831 0.0105314 0.0114526 0.0294471 0.0384981 0.0351979 
MH751954.1_Eimeria_ferrisi              0.0000010 0.0000010 0.0010612 0.0009989 0.0000010 0.0000010 0.0010106 0.0019987 0.0000010 0.0020005 0.0000026 0.0000010 0.0009982 0.0000010 0.0020315 0.0017978 0.0008986 0.0000010 0.0009988 0.0000000 0.0008992 0.0010736 0.0000010 0.0000010 0.0000010 0.0000010 0.0009095 0.0000010 0.0000010 0.0000010 0.0000010 0.0000010 0.0009263 0.0000010 0.0008986 0.0000010 0.0000010 0.0000010 0.0000010 0.0008980 0.0017980 0.0000010 0.0008980 0.0009982 0.0000010 0.0010050 0.0000010 0.0000010 0.0018239 0.0010284 0.0009036 0.0039757 0.0000010 0.0000010 0.0000010 0.0010094 0.0000010 0.0000010 0.0022295 0.0000010 0.0000010 0.0000010 0.0021764 0.0035812 0.0018900 0.0000010 0.0009340 0.0000010 0.0000010 0.0037383 0.0000010 0.0000010 0.0021513 0.0000010 0.0000010 0.0000010 0.0009968 0.0000010 0.0121562 0.0111373 0.0111373 0.0099986 0.0131719 0.0099879 0.0082489 0.0126144 0.0145124 0.0109016 0.0118349 0.0110246 0.0116981 0.0118581 0.0100007 0.0136069 0.0103460 0.0103931 0.0113048 0.0100972 0.0102775 0.0099913 0.0101327 0.0090736 0.0100972 0.0090736 0.0091133 0.0101067 0.0278683 0.0366337 0.0303906 
MH751955.1_Eimeria_ferrisi              0.0000010 0.0007619 0.0010620 0.0009431 0.0000010 0.0000010 0.0009572 0.0018884 0.0000010 0.0018916 0.0007604 0.0000010 0.0009409 0.0007735 0.0018620 0.0022795 0.0000010 0.0017027 0.0009425 0.0008992 0.0000000 0.0010745 0.0007585 0.0000010 0.0007779 0.0007585 0.0000010 0.0007585 0.0000010 0.0000010 0.0000010 0.0007585 0.0000010 0.0007585 0.0000010 0.0010493 0.0007585 0.0007585 0.0007585 0.0015476 0.0007652 0.0007585 0.0015175 0.0009409 0.0007618 0.0008368 0.0007618 0.0007585 0.0016845 0.0010212 0.0015256 0.0039799 0.0007597 0.0007585 0.0007585 0.0010086 0.0007598 0.0007585 0.0018245 0.0007585 0.0007585 0.0007585 0.0037075 0.0047860 0.0023880 0.0044552 0.0016535 0.0007843 0.0000010 0.0039423 0.0000010 0.0000010 0.0032337 0.0000010 0.0007975 0.0007804 0.0008511 0.0000010 0.0116451 0.0105066 0.0104953 0.0107526 0.0124347 0.0107432 0.0081816 0.0126239 0.0157180 0.0115155 0.0131235 0.0116785 0.0119816 0.0123253 0.0107548 0.0138797 0.0111193 0.0111618 0.0119293 0.0095269 0.0088471 0.0091919 0.0095761 0.0099698 0.0095166 0.0102221 0.0102419 0.0111783 0.0282220 0.0391161 0.0327122 
MH751958.1_Eimeria_ferrisi              0.0027524 0.0010736 0.0000010 0.0000010 0.0010736 0.0010736 0.0000010 0.0010741 0.0010736 0.0010745 0.0010777 0.0010759 0.0000010 0.0010736 0.0032357 0.0000020 0.0010736 0.0010736 0.0010736 0.0010736 0.0010745 0.0000000 0.0010736 0.0010736 0.0010736 0.0010736 0.0010736 0.0010736 0.0010736 0.0010736 0.0010736 0.0010736 0.0010736 0.0010736 0.0010736 0.0012921 0.0010736 0.0010736 0.0010736 0.0000010 0.0000010 0.0010736 0.0000010 0.0000010 0.0010736 0.0000010 0.0010736 0.0010736 0.0010736 0.0021820 0.0021648 0.0026517 0.0010762 0.0010736 0.0010736 0.0000010 0.0010763 0.0010736 0.0033806 0.0010736 0.0010736 0.0010736 0.0000010 0.0027696 0.0000010 0.0021345 0.0000010 0.0010736 0.0011677 0.0010736 0.0021521 0.0010736 0.0011840 0.0010736 0.0010736 0.0010736 0.0000010 0.0011262 0.0086877 0.0075974 0.0075974 0.0075974 0.0097757 0.0075880 0.0076067 0.0089700 0.0121996 0.0086770 0.0097860 0.0086770 0.0086770 0.0098091 0.0075995 0.0097739 0.0075880 0.0075974 0.0086770 0.0086770 0.0086919 0.0086770 0.0087026 0.0086770 0.0086770 0.0086770 0.0087225 0.0097776 0.0289343 0.0383301 0.0338101 
MH751959.1_Eimeria_ferrisi              0.0000010 0.0000010 0.0010612 0.0009424 0.0000010 0.0000010 0.0009565 0.0018870 0.0000010 0.0018902 0.0000023 0.0000010 0.0009401 0.0000010 0.0018606 0.0015085 0.0007537 0.0017015 0.0009418 0.0000010 0.0007585 0.0010736 0.0000000 0.0000010 0.0000010 0.0000010 0.0007847 0.0000010 0.0000010 0.0000010 0.0000010 0.0000010 0.0008549 0.0000010 0.0007537 0.0000010 0.0000010 0.0000010 0.0000010 0.0007667 0.0015311 0.0000010 0.0007493 0.0009401 0.0000010 0.0008318 0.0000010 0.0000010 0.0025283 0.0010203 0.0007531 0.0039757 0.0000010 0.0000010 0.0000010 0.0010078 0.0000010 0.0000010 0.0018132 0.0000010 0.0000010 0.0000010 0.0037020 0.0035812 0.0015820 0.0044106 0.0008254 0.0000010 0.0000010 0.0031334 0.0000010 0.0000010 0.0021513 0.0000010 0.0000010 0.0000010 0.0008506 0.0000010 0.0116362 0.0104987 0.0104874 0.0098576 0.0124253 0.0098492 0.0081750 0.0126144 0.0144746 0.0106110 0.0122759 0.0108327 0.0110400 0.0114076 0.0098596 0.0129787 0.0102593 0.0102991 0.0110639 0.0095197 0.0097387 0.0098635 0.0095689 0.0090857 0.0095095 0.0094217 0.0093747 0.0103633 0.0279854 0.0386351 0.0323366 
MH751961.1_Eimeria_ferrisi              0.0000010 0.0000010 0.0010612 0.0009424 0.0000010 0.0000010 0.0009565 0.0018870 0.0000010 0.0018902 0.0000028 0.0000010 0.0009401 0.0000010 0.0019127 0.0018845 0.0000010 0.0000010 0.0009418 0.0000010 0.0000010 0.0010736 0.0000010 0.0000000 0.0000010 0.0000010 0.0000010 0.0000010 0.0000010 0.0000010 0.0000010 0.0000010 0.0000010 0.0000010 0.0000010 0.0000010 0.0000010 0.0000010 0.0000010 0.0009401 0.0009401 0.0000010 0.0009401 0.0009401 0.0000010 0.0009468 0.0000010 0.0000010 0.0000010 0.0010203 0.0009459 0.0039757 0.0000010 0.0000010 0.0000010 0.0010078 0.0000010 0.0000010 0.0020878 0.0000010 0.0000010 0.0000010 0.0038546 0.0038255 0.0009401 0.0000010 0.0009401 0.0000010 0.0000010 0.0018858 0.0000010 0.0000010 0.0022060 0.0000010 0.0000010 0.0000010 0.0009401 0.0000010 0.0116362 0.0104987 0.0104874 0.0104797 0.0124253 0.0104683 0.0081750 0.0126144 0.0167796 0.0114257 0.0124048 0.0114257 0.0114257 0.0124307 0.0104823 0.0123914 0.0104683 0.0104797 0.0114257 0.0095197 0.0095412 0.0095095 0.0095689 0.0095095 0.0095095 0.0095095 0.0095531 0.0104755 0.0284332 0.0374263 0.0337341 
MH751962.1_Eimeria_ferrisi              0.0000010 0.0000010 0.0010612 0.0009424 0.0000010 0.0000010 0.0009565 0.0018870 0.0000010 0.0018902 0.0000024 0.0000010 0.0009401 0.0000010 0.0018606 0.0015549 0.0007764 0.0017207 0.0009418 0.0000010 0.0007779 0.0010736 0.0000010 0.0000010 0.0000000 0.0000010 0.0007899 0.0000010 0.0000010 0.0000010 0.0000010 0.0000010 0.0008549 0.0000010 0.0007764 0.0000010 0.0000010 0.0000010 0.0000010 0.0007660 0.0015612 0.0000010 0.0007719 0.0009401 0.0000010 0.0008610 0.0000010 0.0000010 0.0025283 0.0010203 0.0007699 0.0039757 0.0000010 0.0000010 0.0000010 0.0010078 0.0000010 0.0000010 0.0018809 0.0000010 0.0000010 0.0000010 0.0037020 0.0035812 0.0016330 0.0015565 0.0008254 0.0000010 0.0000010 0.0032349 0.0000010 0.0000010 0.0021513 0.0000010 0.0000010 0.0000010 0.0008549 0.0000010 0.0116362 0.0104987 0.0104874 0.0100892 0.0124253 0.0101547 0.0081750 0.0126144 0.0144746 0.0108606 0.0126617 0.0111762 0.0110400 0.0116762 0.0100913 0.0134107 0.0105914 0.0106334 0.0114215 0.0095197 0.0097387 0.0101701 0.0095689 0.0092993 0.0095095 0.0094603 0.0093339 0.0103792 0.0277579 0.0368651 0.0319777 
MH751963.1_Eimeria_ferrisi              0.0000010 0.0000010 0.0010612 0.0009424 0.0000010 0.0000010 0.0009565 0.0018870 0.0000010 0.0018902 0.0000023 0.0000010 0.0009401 0.0000010 0.0018606 0.0014898 0.0007467 0.0017015 0.0009418 0.0000010 0.0007585 0.0010736 0.0000010 0.0000010 0.0000010 0.0000000 0.0007847 0.0000010 0.0000010 0.0000010 0.0000010 0.0007378 0.0008549 0.0000010 0.0007467 0.0000010 0.0000010 0.0000010 0.0000010 0.0007610 0.0015311 0.0000010 0.0007493 0.0009401 0.0000010 0.0008318 0.0000010 0.0000010 0.0025283 0.0010203 0.0007325 0.0039757 0.0000010 0.0000010 0.0000010 0.0010078 0.0007319 0.0000010 0.0017863 0.0000010 0.0000010 0.0000010 0.0037020 0.0035812 0.0015615 0.0043055 0.0008254 0.0000010 0.0000010 0.0030930 0.0000010 0.0000010 0.0021513 0.0000010 0.0000010 0.0000010 0.0008506 0.0000010 0.0116362 0.0104987 0.0104874 0.0097492 0.0124253 0.0097267 0.0081750 0.0126144 0.0144746 0.0104060 0.0121213 0.0108327 0.0110400 0.0110932 0.0095886 0.0128061 0.0101263 0.0101653 0.0109205 0.0095197 0.0097387 0.0098635 0.0095689 0.0089038 0.0095095 0.0094217 0.0092259 0.0103633 0.0274892 0.0375325 0.0315562 
MH751965.1_Eimeria_ferrisi              0.0000010 0.0007847 0.0010612 0.0009424 0.0000010 0.0000010 0.0009565 0.0018870 0.0000010 0.0018902 0.0007865 0.0000010 0.0009401 0.0007857 0.0018606 0.0023583 0.0000010 0.0017085 0.0009418 0.0009095 0.0000010 0.0010736 0.0007847 0.0000010 0.0007899 0.0007847 0.0000000 0.0007847 0.0000010 0.0000010 0.0000010 0.0007847 0.0000010 0.0007847 0.0000010 0.0010701 0.0007847 0.0007847 0.0007847 0.0015702 0.0007841 0.0007847 0.0015702 0.0009401 0.0007847 0.0008549 0.0007847 0.0007847 0.0016834 0.0010203 0.0015780 0.0039757 0.0007861 0.0007847 0.0007847 0.0010078 0.0007862 0.0007847 0.0018662 0.0007847 0.0007847 0.0007847 0.0037020 0.0047815 0.0024360 0.0015376 0.0016524 0.0007993 0.0000010 0.0040204 0.0000010 0.0000010 0.0032309 0.0000010 0.0007970 0.0007882 0.0008506 0.0000010 0.0116362 0.0104987 0.0104874 0.0111284 0.0124253 0.0111184 0.0081750 0.0126144 0.0160044 0.0119176 0.0135438 0.0119176 0.0119729 0.0127573 0.0111307 0.0141644 0.0113411 0.0113850 0.0121672 0.0095197 0.0088409 0.0095125 0.0095689 0.0103167 0.0095095 0.0103424 0.0103934 0.0111814 0.0268570 0.0360562 0.0309192 
MH751966.1_Eimeria_ferrisi              0.0000010 0.0000010 0.0010612 0.0009424 0.0000010 0.0000010 0.0009565 0.0018870 0.0000010 0.0018902 0.0000023 0.0000010 0.0009401 0.0000010 0.0018606 0.0014907 0.0007472 0.0017015 0.0009418 0.0000010 0.0007585 0.0010736 0.0000010 0.0000010 0.0000010 0.0000010 0.0007847 0.0000000 0.0000010 0.0000010 0.0000010 0.0007537 0.0008549 0.0000010 0.0007472 0.0000010 0.0000010 0.0000010 0.0000010 0.0007722 0.0015311 0.0000010 0.0007538 0.0009401 0.0000010 0.0008318 0.0000010 0.0000010 0.0025283 0.0010203 0.0007476 0.0039757 0.0000010 0.0000010 0.0000010 0.0010078 0.0000010 0.0000010 0.0017845 0.0000010 0.0000010 0.0000010 0.0037020 0.0035812 0.0015601 0.0042985 0.0008254 0.0000010 0.0000010 0.0030902 0.0000010 0.0000010 0.0021513 0.0000010 0.0000010 0.0000010 0.0008506 0.0000010 0.0116362 0.0104987 0.0104874 0.0099178 0.0124253 0.0097770 0.0081750 0.0126144 0.0144746 0.0105334 0.0121111 0.0108327 0.0110400 0.0113237 0.0097873 0.0127945 0.0101184 0.0101563 0.0109109 0.0095197 0.0097387 0.0099121 0.0095689 0.0090555 0.0095095 0.0094217 0.0094337 0.0103633 0.0272735 0.0375230 0.0313948 
MH751967.1_Eimeria_ferrisi              0.0000010 0.0000010 0.0010637 0.0010081 0.0000010 0.0000010 0.0010129 0.0020190 0.0000010 0.0020197 0.0000029 0.0000010 0.0010081 0.0000010 0.0020362 0.0020200 0.0000010 0.0000010 0.0000010 0.0000010 0.0000010 0.0010736 0.0000010 0.0000010 0.0000010 0.0000010 0.0000010 0.0000010 0.0000000 0.0000010 0.0000010 0.0000010 0.0000010 0.0000010 0.0000010 0.0000010 0.0000010 0.0000010 0.0000010 0.0010081 0.0010081 0.0000010 0.0010081 0.0010081 0.0000010 0.0010081 0.0000010 0.0000010 0.0000010 0.0010314 0.0010151 0.0039757 0.0000010 0.0000010 0.0000010 0.0010117 0.0000010 0.0000010 0.0022354 0.0000010 0.0000010 0.0000010 0.0021873 0.0038641 0.0010081 0.0000010 0.0010081 0.0000010 0.0000010 0.0020215 0.0000010 0.0000010 0.0022246 0.0000010 0.0000010 0.0000010 0.0010081 0.0000010 0.0122708 0.0112423 0.0112423 0.0112423 0.0132962 0.0112292 0.0082682 0.0127177 0.0169625 0.0122566 0.0133091 0.0122566 0.0122566 0.0133388 0.0112453 0.0132937 0.0112292 0.0112423 0.0122566 0.0102001 0.0102166 0.0102001 0.0102284 0.0102001 0.0102001 0.0102001 0.0102503 0.0112374 0.0292925 0.0391674 0.0341035 
MH751968.1_Eimeria_ferrisi              0.0000010 0.0000010 0.0010612 0.0009424 0.0000010 0.0000010 0.0009565 0.0018881 0.0000010 0.0018902 0.0000028 0.0000010 0.0009424 0.0000010 0.0019147 0.0018878 0.0000010 0.0000010 0.0000010 0.0000010 0.0000010 0.0010736 0.0000010 0.0000010 0.0000010 0.0000010 0.0000010 0.0000010 0.0000010 0.0000000 0.0000010 0.0000010 0.0000010 0.0000010 0.0000010 0.0000010 0.0000010 0.0000010 0.0000010 0.0009424 0.0009424 0.0000010 0.0009424 0.0009424 0.0000010 0.0009479 0.0000010 0.0000010 0.0000010 0.0010203 0.0009486 0.0039757 0.0000010 0.0000010 0.0000010 0.0010078 0.0000010 0.0000010 0.0020903 0.0000010 0.0000010 0.0000010 0.0038631 0.0038297 0.0009424 0.0000010 0.0009424 0.0000010 0.0000010 0.0018890 0.0000010 0.0000010 0.0022077 0.0000010 0.0000010 0.0000010 0.0009424 0.0000010 0.0116362 0.0104987 0.0104987 0.0104987 0.0124253 0.0104872 0.0081750 0.0126246 0.0167976 0.0114461 0.0124269 0.0114461 0.0114461 0.0124534 0.0105012 0.0124134 0.0104872 0.0104987 0.0114461 0.0095267 0.0095585 0.0095267 0.0095689 0.0095267 0.0095267 0.0095267 0.0095705 0.0104943 0.0284548 0.0374966 0.0337709 
MH751969.1_Eimeria_ferrisi              0.0000010 0.0000010 0.0010612 0.0009519 0.0000010 0.0000010 0.0009565 0.0019060 0.0000010 0.0019071 0.0000028 0.0000010 0.0009519 0.0000010 0.0019227 0.0019068 0.0000010 0.0000010 0.0000010 0.0000010 0.0000010 0.0010736 0.0000010 0.0000010 0.0000010 0.0000010 0.0000010 0.0000010 0.0000010 0.0000010 0.0000000 0.0000010 0.0000010 0.0000010 0.0000010 0.0000010 0.0000010 0.0000010 0.0000010 0.0009519 0.0009519 0.0000010 0.0009519 0.0009519 0.0000010 0.0009519 0.0000010 0.0000010 0.0000010 0.0010203 0.0009582 0.0039757 0.0000010 0.0000010 0.0000010 0.0010078 0.0000010 0.0000010 0.0020994 0.0000010 0.0000010 0.0000010 0.0019412 0.0038603 0.0009519 0.0000010 0.0009519 0.0000010 0.0000010 0.0019074 0.0000010 0.0000010 0.0022226 0.0000010 0.0000010 0.0000010 0.0009519 0.0000010 0.0117065 0.0106054 0.0106054 0.0106054 0.0125424 0.0105931 0.0081750 0.0127074 0.0169440 0.0115629 0.0125543 0.0115629 0.0115629 0.0125803 0.0106074 0.0125406 0.0105931 0.0106054 0.0115629 0.0096230 0.0096556 0.0096230 0.0096662 0.0096230 0.0096230 0.0096230 0.0096681 0.0106004 0.0276264 0.0378891 0.0340659 
MH751970.1_Eimeria_ferrisi              0.0000010 0.0000010 0.0010612 0.0009424 0.0000010 0.0000010 0.0009565 0.0018870 0.0000010 0.0018902 0.0007556 0.0000010 0.0009401 0.0000010 0.0018606 0.0022638 0.0015078 0.0017015 0.0009418 0.0000010 0.0007585 0.0010736 0.0000010 0.0000010 0.0000010 0.0007378 0.0007847 0.0007537 0.0000010 0.0000010 0.0000010 0.0000000 0.0008549 0.0007372 0.0015078 0.0000010 0.0000010 0.0000010 0.0000010 0.0007610 0.0015311 0.0007439 0.0007493 0.0009401 0.0000010 0.0008318 0.0000010 0.0007533 0.0025283 0.0010203 0.0014825 0.0039757 0.0007384 0.0007372 0.0007372 0.0010078 0.0022196 0.0007372 0.0027208 0.0007372 0.0007372 0.0007372 0.0037020 0.0035812 0.0023737 0.0058843 0.0008254 0.0007797 0.0000010 0.0039181 0.0014709 0.0000010 0.0021513 0.0000010 0.0000010 0.0000010 0.0008506 0.0000010 0.0116362 0.0104987 0.0104874 0.0097492 0.0124253 0.0106099 0.0081750 0.0126144 0.0144746 0.0112920 0.0130470 0.0108327 0.0110400 0.0119733 0.0104483 0.0137941 0.0110523 0.0110947 0.0118578 0.0095197 0.0097387 0.0098635 0.0095689 0.0097379 0.0095095 0.0094217 0.0092180 0.0103633 0.0274625 0.0387703 0.0315137 
MH751972.1_Eimeria_ferrisi              0.0000010 0.0008549 0.0010612 0.0009424 0.0000010 0.0000010 0.0009565 0.0018870 0.0000010 0.0018902 0.0008575 0.0000010 0.0009401 0.0008549 0.0018606 0.0025704 0.0000010 0.0009194 0.0009418 0.0009263 0.0000010 0.0010736 0.0008549 0.0000010 0.0008549 0.0008549 0.0000010 0.0008549 0.0000010 0.0000010 0.0000010 0.0008549 0.0000000 0.0008549 0.0000010 0.0010942 0.0008549 0.0008549 0.0008549 0.0017111 0.0008542 0.0008549 0.0017111 0.0009401 0.0008549 0.0009215 0.0008549 0.0008549 0.0017116 0.0010203 0.0017209 0.0039757 0.0008565 0.0008549 0.0008549 0.0010078 0.0008566 0.0008549 0.0020260 0.0008549 0.0008549 0.0008549 0.0037020 0.0047815 0.0026145 0.0017622 0.0017243 0.0008575 0.0000010 0.0043133 0.0000010 0.0000010 0.0032309 0.0000010 0.0008549 0.0008549 0.0009144 0.0000010 0.0116362 0.0104987 0.0104874 0.0103853 0.0124253 0.0103754 0.0081750 0.0126144 0.0164176 0.0112452 0.0130136 0.0112452 0.0119729 0.0121566 0.0103879 0.0134155 0.0104136 0.0104570 0.0112978 0.0095197 0.0088790 0.0086289 0.0095689 0.0095032 0.0095095 0.0095032 0.0095436 0.0103818 0.0273583 0.0375953 0.0317223 
MH751979.1_Eimeria_ferrisi              0.0000010 0.0000010 0.0010612 0.0009424 0.0000010 0.0000010 0.0009565 0.0018870 0.0000010 0.0018902 0.0000023 0.0000010 0.0009401 0.0000010 0.0018606 0.0014898 0.0007467 0.0017015 0.0009418 0.0000010 0.0007585 0.0010736 0.0000010 0.0000010 0.0000010 0.0000010 0.0007847 0.0000010 0.0000010 0.0000010 0.0000010 0.0007372 0.0008549 0.0000000 0.0007467 0.0000010 0.0000010 0.0000010 0.0000010 0.0007610 0.0015311 0.0000010 0.0007493 0.0009401 0.0000010 0.0008318 0.0000010 0.0000010 0.0025283 0.0010203 0.0007240 0.0039757 0.0000010 0.0000010 0.0000010 0.0010078 0.0043889 0.0000010 0.0017845 0.0000010 0.0000010 0.0000010 0.0037020 0.0035812 0.0015601 0.0042985 0.0008254 0.0000010 0.0000010 0.0030902 0.0000010 0.0000010 0.0021513 0.0000010 0.0000010 0.0000010 0.0008506 0.0000010 0.0116362 0.0104987 0.0104874 0.0097492 0.0124253 0.0097185 0.0081750 0.0126144 0.0144746 0.0103973 0.0121111 0.0108327 0.0110400 0.0109372 0.0094536 0.0127945 0.0101184 0.0101563 0.0109109 0.0095197 0.0097387 0.0098635 0.0095689 0.0089038 0.0095095 0.0094217 0.0090994 0.0103633 0.0270683 0.0369880 0.0309025 
MH751982.1_Eimeria_ferrisi              0.0000010 0.0007590 0.0010612 0.0009424 0.0000010 0.0000010 0.0009565 0.0018870 0.0000010 0.0018902 0.0007491 0.0000010 0.0009401 0.0007730 0.0018606 0.0022442 0.0000010 0.0017015 0.0009418 0.0008986 0.0000010 0.0010736 0.0007537 0.0000010 0.0007764 0.0007467 0.0000010 0.0007472 0.0000010 0.0000010 0.0000010 0.0015078 0.0000010 0.0007467 0.0000000 0.0010468 0.0007537 0.0007537 0.0007537 0.0015448 0.0007648 0.0007467 0.0015078 0.0009401 0.0007604 0.0008318 0.0007604 0.0007467 0.0016834 0.0010203 0.0015018 0.0039757 0.0007479 0.0007467 0.0007467 0.0010078 0.0007480 0.0007467 0.0017931 0.0007467 0.0007467 0.0007467 0.0037020 0.0047815 0.0023521 0.0043319 0.0016524 0.0007727 0.0000010 0.0038837 0.0000010 0.0000010 0.0032309 0.0000010 0.0007970 0.0007800 0.0008506 0.0000010 0.0116362 0.0104987 0.0104874 0.0106840 0.0124253 0.0105746 0.0081750 0.0126144 0.0157031 0.0113347 0.0129322 0.0116171 0.0119729 0.0121316 0.0105860 0.0136659 0.0109526 0.0109938 0.0117501 0.0095197 0.0088409 0.0091337 0.0095689 0.0098138 0.0095095 0.0102159 0.0102230 0.0111713 0.0281633 0.0384795 0.0326187 
