111
Gen_600_7_F.Nem_0425_4_2_R_ASV_1        0.0000000 0.0027788 0.0228079 0.0000010 0.0027788 0.0027788 0.0000010 0.0000010 0.0027788 0.0055755 0.0000010 0.0055807 0.0000028 0.0000010 0.0027788 0.0000010 0.0056135 0.0027873 0.0000010 0.0000010 0.0000010 0.0000010 0.0000010 0.0027875 0.0000010 0.0000010 0.0000010 0.0000010 0.0000010 0.0000010 0.0000010 0.0000010 0.0000010 0.0000010 0.0000010 0.0000010 0.0000010 0.0000010 0.0000010 0.0000010 0.0000010 0.0027788 0.0027788 0.0000010 0.0027788 0.0027788 0.0000010 0.0027788 0.0000010 0.0000010 0.0000010 0.0028737 0.0000010 0.0027788 0.0000010 0.0000010 0.0000010 0.0027911 0.0000010 0.0000010 0.0000010 0.0000010 0.0000010 0.0000010 0.0040878 0.0084105 0.0027788 0.0000010 0.0027788 0.0000010 0.0000010 0.0000010 0.0000010 0.0000010 0.0027788 0.0000010 0.0000010 0.0000010 0.0027788 0.0000010 0.0228079 0.0199892 0.0199892 0.0199892 0.0257585 0.0199245 0.0200536 0.0199892 0.0239655 0.0228079 0.0228813 0.0228079 0.0228079 0.0259893 0.0199245 0.0228079 0.0199245 0.0199892 0.0228079 0.0170386 0.0170386 0.0170386 0.0170386 0.0170386 0.0170386 0.0170386 0.0172726 0.0170386 0.0446806 0.0478320 0.0477384 
Gen_600_7_F.Nem_0425_4_2_R_ASV_2        0.0027788 0.0000000 0.0199095 0.0027788 0.0000010 0.0000010 0.0027788 0.0027788 0.0000010 0.0027815 0.0027788 0.0027841 0.0028049 0.0027788 0.0000010 0.0027788 0.0084347 0.0000028 0.0027788 0.0027788 0.0027788 0.0027788 0.0027849 0.0000010 0.0027788 0.0027788 0.0027788 0.0027788 0.0027788 0.0027788 0.0027788 0.0027788 0.0027788 0.0027788 0.0027788 0.0027788 0.0027788 0.0027788 0.0027788 0.0027788 0.0027788 0.0000010 0.0000010 0.0027788 0.0000010 0.0000010 0.0027788 0.0000010 0.0027788 0.0027788 0.0027788 0.0057570 0.0027788 0.0000010 0.0027788 0.0027788 0.0027788 0.0000010 0.0027964 0.0027788 0.0027788 0.0027788 0.0027788 0.0027788 0.0000010 0.0055932 0.0000010 0.0038118 0.0000010 0.0027788 0.0027788 0.0027788 0.0038680 0.0027788 0.0000010 0.0027788 0.0027788 0.0027788 0.0000010 0.0027788 0.0199095 0.0170934 0.0170934 0.0170934 0.0228426 0.0170386 0.0171484 0.0170934 0.0204837 0.0199095 0.0199736 0.0199095 0.0199095 0.0230471 0.0170386 0.0199095 0.0170386 0.0170934 0.0199095 0.0199095 0.0199095 0.0199095 0.0199095 0.0199095 0.0199095 0.0199095 0.0201837 0.0199095 0.0477382 0.0509064 0.0512454 
Gen_600_7_F.Nem_0425_4_2_R_ASV_3        0.0228079 0.0199095 0.0000000 0.0228079 0.0199095 0.0199095 0.0228079 0.0228079 0.0199095 0.0228321 0.0228079 0.0228533 0.0200632 0.0228079 0.0199095 0.0228079 0.0170469 0.0199742 0.0228079 0.0228079 0.0228079 0.0228079 0.0228599 0.0199736 0.0228079 0.0228079 0.0228079 0.0228079 0.0228079 0.0228079 0.0228079 0.0228079 0.0228079 0.0228079 0.0228079 0.0228079 0.0228079 0.0228079 0.0228079 0.0228079 0.0228079 0.0199095 0.0199095 0.0228079 0.0199095 0.0199095 0.0228079 0.0199095 0.0228079 0.0228079 0.0228079 0.0266023 0.0228079 0.0199095 0.0228079 0.0228079 0.0228079 0.0200004 0.0229551 0.0228079 0.0228079 0.0228079 0.0228079 0.0228079 0.0296251 0.0258294 0.0199095 0.0316064 0.0199095 0.0228079 0.0228079 0.0228079 0.0320893 0.0228079 0.0199095 0.0228079 0.0228079 0.0228079 0.0199095 0.0228079 0.0000010 0.0000028 0.0000028 0.0000028 0.0027993 0.0027956 0.0000028 0.0000028 0.0000010 0.0000010 0.0000010 0.0000010 0.0000010 0.0028240 0.0027956 0.0000010 0.0027956 0.0000028 0.0000010 0.0112454 0.0112454 0.0112454 0.0112454 0.0112454 0.0112454 0.0112454 0.0113984 0.0112454 0.0605460 0.0507529 0.0477567 
MH751925.1_Eimeria_ferrisi              0.0000010 0.0027788 0.0228079 0.0000000 0.0010611 0.0009424 0.0000010 0.0000010 0.0009564 0.0018868 0.0000010 0.0018901 0.0000023 0.0000010 0.0009401 0.0000010 0.0018605 0.0015194 0.0007591 0.0017015 0.0009417 0.0000010 0.0007619 0.0010736 0.0000010 0.0000010 0.0000010 0.0000010 0.0007848 0.0000010 0.0000010 0.0000010 0.0000010 0.0000010 0.0008549 0.0000010 0.0007591 0.0000010 0.0000010 0.0000010 0.0000010 0.0007762 0.0015344 0.0000010 0.0007587 0.0009401 0.0000010 0.0008333 0.0000010 0.0000010 0.0025283 0.0010202 0.0007627 0.0039758 0.0000010 0.0000010 0.0000010 0.0010077 0.0000010 0.0000010 0.0018164 0.0000010 0.0000010 0.0000010 0.0037024 0.0035817 0.0015845 0.0044244 0.0008255 0.0000010 0.0000010 0.0031382 0.0000010 0.0000010 0.0021515 0.0000010 0.0000010 0.0000010 0.0008506 0.0000010 0.0116331 0.0104963 0.0104850 0.0099826 0.0124224 0.0099737 0.0081729 0.0126119 0.0120685 0.0107455 0.0123122 0.0108479 0.0110379 0.0115524 0.0099845 0.0129967 0.0102741 0.0103135 0.0110795 0.0095176 0.0097368 0.0099765 0.0095668 0.0092012 0.0095074 0.0094365 0.0094821 0.0103618 0.0265097 0.0374521 0.0303803 
MH751927.1_Eimeria_ferrisi              0.0027788 0.0000010 0.0199095 0.0010611 0.0000000 0.0000010 0.0010611 0.0010611 0.0000010 0.0010615 0.0010611 0.0010619 0.0010650 0.0010646 0.0000010 0.0010611 0.0031974 0.0000020 0.0010611 0.0010611 0.0010611 0.0010611 0.0010620 0.0000010 0.0010611 0.0010611 0.0010611 0.0010611 0.0010611 0.0010611 0.0010637 0.0010611 0.0010611 0.0010611 0.0010611 0.0010611 0.0010611 0.0012866 0.0010611 0.0010611 0.0010611 0.0000010 0.0000010 0.0010611 0.0000010 0.0000010 0.0010611 0.0000010 0.0010611 0.0010611 0.0010611 0.0021558 0.0021391 0.0026478 0.0010636 0.0010611 0.0010611 0.0000010 0.0010637 0.0010611 0.0033470 0.0010611 0.0010611 0.0010611 0.0000010 0.0027569 0.0000010 0.0020954 0.0000010 0.0010611 0.0011631 0.0010611 0.0021125 0.0010611 0.0011794 0.0010637 0.0010611 0.0010611 0.0000010 0.0011146 0.0085830 0.0075060 0.0075060 0.0075060 0.0096580 0.0074968 0.0075150 0.0089345 0.0090790 0.0085726 0.0096674 0.0085726 0.0085726 0.0096903 0.0075080 0.0096558 0.0074968 0.0075060 0.0085726 0.0085726 0.0085872 0.0085726 0.0085976 0.0085726 0.0085726 0.0085726 0.0086168 0.0096593 0.0286026 0.0378280 0.0336209 
MH751928.1_Eimeria_ferrisi              0.0027788 0.0000010 0.0199095 0.0009424 0.0000010 0.0000000 0.0009424 0.0009424 0.0000010 0.0009434 0.0009424 0.0009444 0.0009454 0.0009482 0.0000010 0.0009424 0.0028731 0.0009430 0.0009424 0.0009449 0.0009424 0.0009989 0.0009431 0.0000010 0.0009424 0.0009424 0.0009424 0.0009424 0.0009424 0.0009424 0.0010081 0.0009424 0.0009518 0.0009424 0.0009424 0.0009424 0.0009424 0.0011962 0.0009424 0.0009424 0.0009424 0.0000010 0.0000010 0.0009424 0.0000010 0.0000010 0.0009424 0.0000010 0.0009424 0.0009424 0.0009424 0.0020416 0.0018981 0.0026478 0.0009443 0.0009424 0.0009424 0.0000010 0.0009444 0.0009424 0.0031361 0.0009424 0.0009424 0.0009424 0.0019286 0.0025505 0.0000010 0.0018616 0.0000010 0.0009424 0.0011295 0.0028349 0.0018749 0.0009461 0.0011030 0.0009998 0.0009424 0.0009424 0.0000010 0.0010453 0.0106549 0.0095349 0.0095349 0.0095349 0.0114582 0.0095245 0.0071455 0.0115607 0.0125534 0.0104821 0.0114595 0.0104821 0.0104821 0.0114837 0.0095372 0.0114474 0.0095245 0.0095349 0.0104821 0.0104821 0.0105173 0.0104821 0.0105287 0.0104821 0.0104821 0.0104821 0.0105302 0.0114510 0.0294336 0.0384713 0.0351891 
MH751929.1_Eimeria_ferrisi              0.0000010 0.0027788 0.0228079 0.0000010 0.0010611 0.0009424 0.0000000 0.0000010 0.0009564 0.0018880 0.0000010 0.0018901 0.0000028 0.0000010 0.0009414 0.0000010 0.0019124 0.0018858 0.0000010 0.0000010 0.0000010 0.0000010 0.0000010 0.0010736 0.0000010 0.0000010 0.0000010 0.0000010 0.0000010 0.0000010 0.0000010 0.0000010 0.0000010 0.0000010 0.0000010 0.0000010 0.0000010 0.0000010 0.0000010 0.0000010 0.0000010 0.0009414 0.0009414 0.0000010 0.0009414 0.0009414 0.0000010 0.0009467 0.0000010 0.0000010 0.0000010 0.0010202 0.0009475 0.0039758 0.0000010 0.0000010 0.0000010 0.0010077 0.0000010 0.0000010 0.0020876 0.0000010 0.0000010 0.0000010 0.0038547 0.0038304 0.0009414 0.0000010 0.0009414 0.0000010 0.0000010 0.0018867 0.0000010 0.0000010 0.0022078 0.0000010 0.0000010 0.0000010 0.0009414 0.0000010 0.0116331 0.0104963 0.0104850 0.0104850 0.0124224 0.0104735 0.0081729 0.0126222 0.0139638 0.0114311 0.0124100 0.0114311 0.0114311 0.0124367 0.0104874 0.0123979 0.0104735 0.0104850 0.0114311 0.0095245 0.0095462 0.0095143 0.0095668 0.0095143 0.0095143 0.0095143 0.0095578 0.0104804 0.0284380 0.0374244 0.0337565 
MH751930.1_Eimeria_ferrisi              0.0000010 0.0027788 0.0228079 0.0000010 0.0010611 0.0009424 0.0000010 0.0000000 0.0009564 0.0018880 0.0000010 0.0018901 0.0000028 0.0000010 0.0009414 0.0000010 0.0019124 0.0018858 0.0000010 0.0000010 0.0000010 0.0000010 0.0000010 0.0010736 0.0000010 0.0000010 0.0000010 0.0000010 0.0000010 0.0000010 0.0000010 0.0000010 0.0000010 0.0000010 0.0000010 0.0000010 0.0000010 0.0000010 0.0000010 0.0000010 0.0000010 0.0009414 0.0009414 0.0000010 0.0009414 0.0009414 0.0000010 0.0009467 0.0000010 0.0000010 0.0000010 0.0010202 0.0009475 0.0039758 0.0000010 0.0000010 0.0000010 0.0010077 0.0000010 0.0000010 0.0020876 0.0000010 0.0000010 0.0000010 0.0038547 0.0038304 0.0009414 0.0000010 0.0009414 0.0000010 0.0000010 0.0018867 0.0000010 0.0000010 0.0022078 0.0000010 0.0000010 0.0000010 0.0009414 0.0000010 0.0116331 0.0104963 0.0104850 0.0104850 0.0124224 0.0104735 0.0081729 0.0126222 0.0139638 0.0114311 0.0124100 0.0114311 0.0114311 0.0124367 0.0104874 0.0123979 0.0104735 0.0104850 0.0114311 0.0095245 0.0095462 0.0095143 0.0095668 0.0095143 0.0095143 0.0095143 0.0095578 0.0104804 0.0284380 0.0374244 0.0337565 
MH751932.1_Eimeria_ferrisi              0.0027788 0.0000010 0.0199095 0.0009564 0.0000010 0.0000010 0.0009564 0.0009564 0.0000000 0.0009567 0.0009564 0.0009578 0.0009597 0.0009619 0.0000010 0.0009564 0.0028851 0.0000029 0.0009564 0.0009564 0.0009564 0.0010105 0.0009572 0.0000010 0.0009564 0.0009564 0.0009564 0.0009564 0.0009564 0.0009564 0.0010129 0.0009564 0.0009564 0.0009564 0.0009564 0.0009564 0.0009564 0.0012129 0.0009564 0.0009564 0.0009564 0.0000010 0.0000010 0.0009564 0.0000010 0.0000010 0.0009564 0.0000010 0.0009564 0.0009564 0.0009564 0.0020416 0.0019269 0.0026478 0.0009585 0.0009564 0.0009564 0.0000010 0.0009585 0.0009564 0.0031506 0.0009564 0.0009564 0.0009564 0.0000010 0.0025883 0.0000010 0.0018767 0.0000010 0.0009564 0.0011295 0.0028780 0.0018902 0.0009564 0.0011172 0.0010039 0.0009564 0.0009564 0.0000010 0.0010500 0.0078170 0.0067597 0.0067597 0.0067597 0.0086971 0.0067520 0.0071455 0.0084872 0.0084739 0.0077211 0.0087052 0.0077211 0.0077211 0.0087233 0.0067611 0.0086959 0.0067520 0.0067597 0.0077211 0.0077211 0.0077464 0.0077211 0.0077549 0.0077211 0.0077211 0.0077211 0.0077567 0.0086987 0.0257200 0.0359806 0.0313566 
MH751933.1_Eimeria_ferrisi              0.0055755 0.0027815 0.0228321 0.0018868 0.0010615 0.0009434 0.0018880 0.0018880 0.0009567 0.0000000 0.0018868 0.0018907 0.0018924 0.0018985 0.0009422 0.0018868 0.0038379 0.0018884 0.0018868 0.0018931 0.0028332 0.0019986 0.0018883 0.0010740 0.0018868 0.0018868 0.0018868 0.0018868 0.0018868 0.0018868 0.0020188 0.0018880 0.0019058 0.0018868 0.0018868 0.0018868 0.0018868 0.0023936 0.0018868 0.0018868 0.0018868 0.0009422 0.0009422 0.0018868 0.0009422 0.0009422 0.0018868 0.0009488 0.0018868 0.0018868 0.0018868 0.0030662 0.0028501 0.0039777 0.0018907 0.0018868 0.0018868 0.0010081 0.0018909 0.0018868 0.0041908 0.0018868 0.0018868 0.0018868 0.0019315 0.0038278 0.0009422 0.0018642 0.0009422 0.0018868 0.0022621 0.0037841 0.0018776 0.0018931 0.0022070 0.0020031 0.0018868 0.0018868 0.0009422 0.0020948 0.0116371 0.0105076 0.0105076 0.0104999 0.0124267 0.0104885 0.0081759 0.0126167 0.0139555 0.0114477 0.0124283 0.0114477 0.0114477 0.0124544 0.0105024 0.0124151 0.0104885 0.0104999 0.0114477 0.0114477 0.0114862 0.0114477 0.0115069 0.0114477 0.0114477 0.0114477 0.0115002 0.0124191 0.0304261 0.0395032 0.0366172 
MH751935.1_Eimeria_ferrisi              0.0000010 0.0027788 0.0228079 0.0000010 0.0010611 0.0009424 0.0000010 0.0000010 0.0009564 0.0018868 0.0000000 0.0018901 0.0000028 0.0000010 0.0009412 0.0000010 0.0019145 0.0018864 0.0000010 0.0000010 0.0009417 0.0000010 0.0000010 0.0010736 0.0000010 0.0000010 0.0000010 0.0000010 0.0000010 0.0000010 0.0000010 0.0000010 0.0000010 0.0000010 0.0000010 0.0000010 0.0000010 0.0000010 0.0000010 0.0000010 0.0000010 0.0009412 0.0009412 0.0000010 0.0009412 0.0009412 0.0000010 0.0009478 0.0000010 0.0000010 0.0000010 0.0010202 0.0009470 0.0039758 0.0000010 0.0000010 0.0000010 0.0010077 0.0000010 0.0000010 0.0020900 0.0000010 0.0000010 0.0000010 0.0038631 0.0038261 0.0009412 0.0000010 0.0009412 0.0000010 0.0000010 0.0018876 0.0000010 0.0000010 0.0022061 0.0000010 0.0000010 0.0000010 0.0009412 0.0000010 0.0116331 0.0104963 0.0104963 0.0104885 0.0124224 0.0104772 0.0081729 0.0126119 0.0139485 0.0114353 0.0124148 0.0114353 0.0114353 0.0124409 0.0104911 0.0124016 0.0104772 0.0104885 0.0114353 0.0095176 0.0095495 0.0095176 0.0095668 0.0095176 0.0095176 0.0095176 0.0095610 0.0104841 0.0284162 0.0374368 0.0337195 
MH751936.1_Eimeria_ferrisi              0.0055807 0.0027841 0.0228533 0.0018901 0.0010619 0.0009444 0.0018901 0.0018901 0.0009578 0.0018907 0.0018901 0.0000000 0.0018962 0.0018991 0.0009444 0.0018901 0.0038421 0.0018918 0.0018901 0.0018951 0.0018901 0.0020004 0.0018915 0.0010744 0.0018901 0.0018901 0.0018901 0.0018901 0.0018901 0.0018901 0.0020195 0.0018901 0.0019069 0.0018901 0.0018901 0.0018901 0.0018901 0.0023962 0.0018901 0.0018901 0.0018901 0.0009444 0.0009444 0.0018901 0.0009444 0.0009444 0.0018901 0.0009499 0.0018901 0.0018901 0.0018901 0.0030672 0.0028552 0.0039795 0.0018940 0.0018901 0.0018901 0.0010084 0.0018942 0.0018901 0.0041957 0.0018901 0.0018901 0.0018901 0.0038800 0.0038338 0.0009444 0.0037443 0.0009444 0.0018901 0.0022630 0.0037899 0.0037713 0.0018966 0.0022095 0.0020055 0.0018901 0.0018901 0.0009444 0.0020963 0.0116409 0.0105190 0.0105190 0.0105190 0.0124401 0.0105074 0.0081787 0.0126314 0.0125534 0.0114682 0.0124505 0.0114682 0.0114682 0.0124771 0.0105214 0.0124372 0.0105074 0.0105190 0.0114682 0.0114682 0.0114981 0.0114682 0.0115106 0.0114682 0.0114682 0.0114682 0.0115212 0.0124412 0.0304829 0.0395774 0.0351891 
MH751938.1_Eimeria_ferrisi              0.0000028 0.0028049 0.0200632 0.0000023 0.0010650 0.0009454 0.0000028 0.0000028 0.0009597 0.0018924 0.0000028 0.0018962 0.0000000 0.0000028 0.0009437 0.0000024 0.0009319 0.0014934 0.0007491 0.0017064 0.0009453 0.0000026 0.0007605 0.0010776 0.0000023 0.0000028 0.0000024 0.0000023 0.0007865 0.0000023 0.0000029 0.0000028 0.0000028 0.0007557 0.0008575 0.0000023 0.0007491 0.0000028 0.0000023 0.0000023 0.0000023 0.0007739 0.0015358 0.0000023 0.0007558 0.0009437 0.0000023 0.0008347 0.0000023 0.0000023 0.0025353 0.0010227 0.0007500 0.0039939 0.0000023 0.0000023 0.0000023 0.0010113 0.0000023 0.0000023 0.0017917 0.0000023 0.0000023 0.0000023 0.0037265 0.0035964 0.0015656 0.0043277 0.0008277 0.0000023 0.0000020 0.0031014 0.0000021 0.0000028 0.0021593 0.0000027 0.0000024 0.0000024 0.0008526 0.0000027 0.0106833 0.0095594 0.0095491 0.0091673 0.0114877 0.0090447 0.0071653 0.0115832 0.0108581 0.0098024 0.0113787 0.0100728 0.0101357 0.0105918 0.0090542 0.0120221 0.0093611 0.0093961 0.0101544 0.0085810 0.0088664 0.0091619 0.0086253 0.0083127 0.0085717 0.0086484 0.0086591 0.0095794 0.0273397 0.0367673 0.0290156 
MH751939.1_Eimeria_ferrisi              0.0000010 0.0027788 0.0228079 0.0000010 0.0010646 0.0009482 0.0000010 0.0000010 0.0009619 0.0018985 0.0000010 0.0018991 0.0000028 0.0000000 0.0009482 0.0000010 0.0019258 0.0018995 0.0000010 0.0000010 0.0000010 0.0000010 0.0000010 0.0010758 0.0000010 0.0000010 0.0000010 0.0000010 0.0000010 0.0000010 0.0000010 0.0000010 0.0000010 0.0000010 0.0000010 0.0000010 0.0000010 0.0000010 0.0000010 0.0000010 0.0000010 0.0009482 0.0009482 0.0000010 0.0009482 0.0009482 0.0000010 0.0009538 0.0000010 0.0000010 0.0000010 0.0010243 0.0009545 0.0039758 0.0000010 0.0000010 0.0000010 0.0010117 0.0000010 0.0000010 0.0021024 0.0000010 0.0000010 0.0000010 0.0039065 0.0038343 0.0009482 0.0000010 0.0009482 0.0000010 0.0000010 0.0019007 0.0000010 0.0000010 0.0022098 0.0000010 0.0000010 0.0000010 0.0009482 0.0000010 0.0116884 0.0105622 0.0105622 0.0105622 0.0124912 0.0105506 0.0082146 0.0126584 0.0139794 0.0115154 0.0125018 0.0115154 0.0115154 0.0125286 0.0105647 0.0124885 0.0105506 0.0105622 0.0115154 0.0095842 0.0095915 0.0095842 0.0096093 0.0095842 0.0095842 0.0095842 0.0096284 0.0105576 0.0285996 0.0377088 0.0337945 
MH751944.1_Eimeria_ferrisi              0.0027788 0.0000010 0.0199095 0.0009401 0.0000010 0.0000010 0.0009414 0.0009414 0.0000010 0.0009422 0.0009412 0.0009444 0.0009437 0.0009482 0.0000000 0.0009401 0.0028700 0.0009415 0.0009401 0.0009439 0.0018854 0.0009982 0.0009409 0.0000010 0.0009401 0.0009401 0.0009401 0.0009401 0.0009401 0.0009401 0.0010081 0.0009424 0.0009518 0.0009401 0.0009401 0.0009401 0.0009401 0.0011952 0.0009401 0.0009401 0.0009401 0.0000010 0.0000010 0.0009401 0.0000010 0.0000010 0.0009401 0.0000010 0.0009401 0.0009401 0.0009401 0.0020416 0.0018947 0.0026478 0.0009422 0.0009401 0.0009401 0.0000010 0.0009423 0.0009401 0.0031331 0.0009401 0.0009401 0.0009401 0.0019244 0.0025483 0.0000010 0.0018576 0.0000010 0.0009401 0.0011295 0.0028297 0.0018709 0.0009456 0.0011021 0.0009986 0.0009401 0.0009401 0.0000010 0.0010440 0.0106549 0.0095349 0.0095246 0.0095176 0.0114582 0.0095074 0.0071455 0.0115506 0.0125397 0.0104633 0.0114390 0.0104633 0.0104633 0.0114628 0.0095199 0.0114269 0.0095074 0.0095176 0.0104633 0.0104745 0.0104984 0.0104633 0.0105287 0.0104633 0.0104633 0.0104633 0.0105111 0.0114305 0.0294111 0.0383993 0.0351507 
MH751945.1_Eimeria_ferrisi              0.0000010 0.0027788 0.0228079 0.0000010 0.0010611 0.0009424 0.0000010 0.0000010 0.0009564 0.0018868 0.0000010 0.0018901 0.0000024 0.0000010 0.0009401 0.0000000 0.0018605 0.0015467 0.0007730 0.0017107 0.0009417 0.0000010 0.0007736 0.0010736 0.0000010 0.0000010 0.0000010 0.0000010 0.0007857 0.0000010 0.0000010 0.0000010 0.0000010 0.0000010 0.0008549 0.0000010 0.0007730 0.0000010 0.0000010 0.0000010 0.0000010 0.0007727 0.0015531 0.0000010 0.0007727 0.0009401 0.0000010 0.0008560 0.0000010 0.0000010 0.0025283 0.0010202 0.0007768 0.0039758 0.0000010 0.0000010 0.0000010 0.0010077 0.0000010 0.0000010 0.0018688 0.0000010 0.0000010 0.0000010 0.0037024 0.0035817 0.0016239 0.0015416 0.0008255 0.0000010 0.0000010 0.0032172 0.0000010 0.0000010 0.0021515 0.0000010 0.0000010 0.0000010 0.0008506 0.0000010 0.0116331 0.0104963 0.0104850 0.0101656 0.0124224 0.0101572 0.0081729 0.0126119 0.0120372 0.0109423 0.0125922 0.0111148 0.0110379 0.0117646 0.0101682 0.0133326 0.0105326 0.0105732 0.0113580 0.0095176 0.0097368 0.0101600 0.0095668 0.0093694 0.0095074 0.0094206 0.0094265 0.0103618 0.0272402 0.0362886 0.0313534 
MH751946.1_Eimeria_ferrisi              0.0056135 0.0084347 0.0170469 0.0018605 0.0031974 0.0028731 0.0019124 0.0019124 0.0028851 0.0038379 0.0019145 0.0038421 0.0009319 0.0019258 0.0028700 0.0018605 0.0000000 0.0027948 0.0018605 0.0027946 0.0019145 0.0020313 0.0018619 0.0032353 0.0018605 0.0019124 0.0018605 0.0018605 0.0018605 0.0018605 0.0020360 0.0019145 0.0019225 0.0018605 0.0018605 0.0018605 0.0018605 0.0024408 0.0018605 0.0018605 0.0018605 0.0027920 0.0027920 0.0018605 0.0027920 0.0028700 0.0018605 0.0027920 0.0018605 0.0018605 0.0027946 0.0030738 0.0028099 0.0066629 0.0018643 0.0018605 0.0018605 0.0030543 0.0018645 0.0018605 0.0040688 0.0018605 0.0018605 0.0018605 0.0074474 0.0065254 0.0027920 0.0053281 0.0027920 0.0018605 0.0022675 0.0027937 0.0035711 0.0019225 0.0045004 0.0019474 0.0018605 0.0018605 0.0027920 0.0020334 0.0068469 0.0057756 0.0057693 0.0056124 0.0077120 0.0056065 0.0061226 0.0074346 0.0070720 0.0065441 0.0084405 0.0065441 0.0067266 0.0075100 0.0056138 0.0074870 0.0056065 0.0056124 0.0065441 0.0048042 0.0048152 0.0046686 0.0048257 0.0046686 0.0047990 0.0046686 0.0046895 0.0056101 0.0247880 0.0338914 0.0270680 
MH751947.1_Eimeria_ferrisi              0.0027873 0.0000028 0.0199742 0.0015194 0.0000020 0.0009430 0.0018858 0.0018858 0.0000029 0.0018884 0.0018864 0.0018918 0.0014934 0.0018995 0.0009415 0.0015467 0.0027948 0.0000000 0.0022444 0.0034094 0.0028324 0.0017978 0.0022797 0.0000020 0.0015087 0.0018844 0.0015549 0.0014900 0.0023584 0.0014908 0.0020199 0.0018878 0.0019067 0.0022640 0.0025704 0.0014900 0.0022444 0.0020960 0.0015087 0.0015087 0.0015087 0.0007723 0.0015325 0.0014947 0.0007538 0.0009415 0.0015221 0.0008332 0.0015221 0.0014947 0.0042216 0.0020441 0.0022477 0.0026517 0.0014954 0.0014900 0.0014900 0.0010082 0.0014955 0.0014900 0.0026835 0.0014900 0.0014900 0.0014900 0.0018523 0.0035856 0.0015625 0.0057561 0.0008260 0.0015415 0.0011305 0.0046488 0.0014387 0.0018917 0.0021534 0.0009321 0.0015960 0.0015606 0.0008512 0.0009732 0.0096900 0.0085834 0.0085742 0.0083833 0.0105061 0.0082714 0.0071539 0.0105048 0.0096240 0.0090270 0.0106011 0.0092809 0.0091944 0.0098120 0.0082801 0.0111995 0.0085653 0.0085972 0.0093560 0.0095254 0.0097442 0.0099117 0.0095748 0.0090561 0.0095152 0.0094267 0.0094332 0.0103684 0.0272607 0.0374969 0.0301592 
MH751949.1_Eimeria_ferrisi              0.0000010 0.0027788 0.0228079 0.0007591 0.0010611 0.0009424 0.0000010 0.0000010 0.0009564 0.0018868 0.0000010 0.0018901 0.0007491 0.0000010 0.0009401 0.0007730 0.0018605 0.0022444 0.0000000 0.0017015 0.0009417 0.0008986 0.0000010 0.0010736 0.0007537 0.0000010 0.0007764 0.0007468 0.0000010 0.0007472 0.0000010 0.0000010 0.0000010 0.0015079 0.0000010 0.0007468 0.0000010 0.0010469 0.0007537 0.0007537 0.0007537 0.0015449 0.0007649 0.0007468 0.0015079 0.0009401 0.0007605 0.0008319 0.0007605 0.0007468 0.0016834 0.0010202 0.0015019 0.0039758 0.0007480 0.0007468 0.0007468 0.0010077 0.0007481 0.0007468 0.0017932 0.0007468 0.0007468 0.0007468 0.0037024 0.0047821 0.0023522 0.0043332 0.0016524 0.0007727 0.0000010 0.0038837 0.0000010 0.0000010 0.0032312 0.0000010 0.0007970 0.0007800 0.0008506 0.0000010 0.0116331 0.0104963 0.0104850 0.0106828 0.0124224 0.0105736 0.0081729 0.0126119 0.0132594 0.0113336 0.0129305 0.0116159 0.0119704 0.0121301 0.0105849 0.0136638 0.0109515 0.0109925 0.0117488 0.0095176 0.0088394 0.0091329 0.0095668 0.0098129 0.0095074 0.0102145 0.0102212 0.0111694 0.0281476 0.0384500 0.0326054 
MH751950.1_Eimeria_ferrisi              0.0000010 0.0027788 0.0228079 0.0017015 0.0010611 0.0009449 0.0000010 0.0000010 0.0009564 0.0018931 0.0000010 0.0018951 0.0017064 0.0000010 0.0009439 0.0017107 0.0027946 0.0034094 0.0017015 0.0000000 0.0000010 0.0000010 0.0017026 0.0010736 0.0017015 0.0000010 0.0017207 0.0017015 0.0017084 0.0017015 0.0000010 0.0000010 0.0000010 0.0017015 0.0009194 0.0017015 0.0017015 0.0000010 0.0017015 0.0017015 0.0017015 0.0025633 0.0025534 0.0017015 0.0025534 0.0009439 0.0017015 0.0025607 0.0017015 0.0017015 0.0000010 0.0010202 0.0025684 0.0039758 0.0017046 0.0017015 0.0017015 0.0010077 0.0017048 0.0017015 0.0037258 0.0017015 0.0017015 0.0017015 0.0055701 0.0038440 0.0025534 0.0061419 0.0026400 0.0017015 0.0000010 0.0034113 0.0030747 0.0000010 0.0022147 0.0018666 0.0017084 0.0017167 0.0025685 0.0019489 0.0116645 0.0105242 0.0105128 0.0129369 0.0124555 0.0129243 0.0081729 0.0126592 0.0140182 0.0137922 0.0155616 0.0137922 0.0114615 0.0147104 0.0129398 0.0146687 0.0129243 0.0129369 0.0137922 0.0095498 0.0095716 0.0120544 0.0095923 0.0120544 0.0095395 0.0121376 0.0122028 0.0130587 0.0285154 0.0401799 0.0338884 
MH751953.1_Eimeria_ferrisi              0.0000010 0.0027788 0.0228079 0.0009417 0.0010611 0.0009424 0.0000010 0.0000010 0.0009564 0.0028332 0.0009417 0.0018901 0.0009453 0.0000010 0.0018854 0.0009417 0.0019145 0.0028324 0.0009417 0.0000010 0.0000000 0.0009988 0.0009425 0.0010736 0.0009417 0.0009417 0.0009417 0.0009417 0.0009417 0.0009417 0.0000010 0.0000010 0.0000010 0.0009417 0.0009417 0.0009417 0.0009417 0.0011961 0.0009417 0.0009417 0.0009417 0.0018854 0.0018854 0.0009417 0.0018854 0.0018854 0.0009417 0.0009478 0.0009417 0.0009417 0.0009417 0.0010202 0.0018978 0.0039758 0.0009438 0.0009417 0.0009417 0.0010077 0.0009439 0.0009417 0.0020900 0.0009417 0.0009417 0.0009417 0.0038631 0.0051096 0.0018854 0.0000010 0.0018854 0.0009417 0.0000010 0.0028344 0.0000010 0.0009461 0.0033132 0.0000010 0.0009417 0.0009417 0.0018854 0.0000010 0.0116331 0.0104963 0.0104963 0.0114544 0.0124224 0.0114419 0.0081729 0.0136793 0.0153681 0.0124014 0.0133839 0.0124014 0.0124014 0.0134124 0.0114571 0.0133696 0.0114419 0.0114544 0.0124014 0.0104806 0.0105157 0.0104806 0.0095668 0.0104806 0.0104806 0.0104806 0.0105285 0.0114494 0.0294290 0.0384654 0.0351816 
MH751954.1_Eimeria_ferrisi              0.0000010 0.0027788 0.0228079 0.0000010 0.0010611 0.0009989 0.0000010 0.0000010 0.0010105 0.0019986 0.0000010 0.0020004 0.0000026 0.0000010 0.0009982 0.0000010 0.0020313 0.0017978 0.0008986 0.0000010 0.0009988 0.0000000 0.0008992 0.0010736 0.0000010 0.0000010 0.0000010 0.0000010 0.0009095 0.0000010 0.0000010 0.0000010 0.0000010 0.0000010 0.0009262 0.0000010 0.0008986 0.0000010 0.0000010 0.0000010 0.0000010 0.0008981 0.0017980 0.0000010 0.0008981 0.0009982 0.0000010 0.0010049 0.0000010 0.0000010 0.0018238 0.0010283 0.0009037 0.0039758 0.0000010 0.0000010 0.0000010 0.0010094 0.0000010 0.0000010 0.0022292 0.0000010 0.0000010 0.0000010 0.0021767 0.0035817 0.0018899 0.0000010 0.0009340 0.0000010 0.0000010 0.0037380 0.0000010 0.0000010 0.0021515 0.0000010 0.0000010 0.0000010 0.0009968 0.0000010 0.0121535 0.0111348 0.0111348 0.0099969 0.0131690 0.0099862 0.0082470 0.0126119 0.0120685 0.0108998 0.0118324 0.0110227 0.0116960 0.0118558 0.0099990 0.0136034 0.0103444 0.0103909 0.0113026 0.0100950 0.0102757 0.0099895 0.0101307 0.0090721 0.0100950 0.0090721 0.0091117 0.0101047 0.0278543 0.0366063 0.0303803 
MH751955.1_Eimeria_ferrisi              0.0000010 0.0027849 0.0228599 0.0007619 0.0010620 0.0009431 0.0000010 0.0000010 0.0009572 0.0018883 0.0000010 0.0018915 0.0007605 0.0000010 0.0009409 0.0007736 0.0018619 0.0022797 0.0000010 0.0017026 0.0009425 0.0008992 0.0000000 0.0010745 0.0007586 0.0000010 0.0007779 0.0007586 0.0000010 0.0007586 0.0000010 0.0000010 0.0000010 0.0007586 0.0000010 0.0007586 0.0000010 0.0010495 0.0007586 0.0007586 0.0007586 0.0015477 0.0007653 0.0007586 0.0015176 0.0009409 0.0007618 0.0008369 0.0007618 0.0007586 0.0016845 0.0010210 0.0015257 0.0039800 0.0007598 0.0007586 0.0007586 0.0010085 0.0007599 0.0007586 0.0018235 0.0007586 0.0007586 0.0007586 0.0037079 0.0047866 0.0023881 0.0044565 0.0016535 0.0007843 0.0000010 0.0039423 0.0000010 0.0000010 0.0032340 0.0000010 0.0007976 0.0007805 0.0008512 0.0000010 0.0116420 0.0105042 0.0104929 0.0107515 0.0124319 0.0107422 0.0081795 0.0126215 0.0132722 0.0115143 0.0131216 0.0116773 0.0119791 0.0123237 0.0107537 0.0138765 0.0111180 0.0111603 0.0119279 0.0095248 0.0088457 0.0091912 0.0095741 0.0099688 0.0095145 0.0102208 0.0102403 0.0111765 0.0282065 0.0390856 0.0326995 
MH751958.1_Eimeria_ferrisi              0.0027875 0.0000010 0.0199736 0.0010736 0.0000010 0.0000010 0.0010736 0.0010736 0.0000010 0.0010740 0.0010736 0.0010744 0.0010776 0.0010758 0.0000010 0.0010736 0.0032353 0.0000020 0.0010736 0.0010736 0.0010736 0.0010736 0.0010745 0.0000000 0.0010736 0.0010736 0.0010736 0.0010736 0.0010736 0.0010736 0.0010736 0.0010736 0.0010736 0.0010736 0.0010736 0.0010736 0.0010736 0.0012923 0.0010736 0.0010736 0.0010736 0.0000010 0.0000010 0.0010736 0.0000010 0.0000010 0.0010736 0.0000010 0.0010736 0.0010736 0.0010736 0.0021818 0.0021646 0.0026518 0.0010761 0.0010736 0.0010736 0.0000010 0.0010762 0.0010736 0.0033801 0.0010736 0.0010736 0.0010736 0.0000010 0.0027700 0.0000010 0.0021350 0.0000010 0.0010736 0.0011677 0.0010736 0.0021526 0.0010736 0.0011841 0.0010736 0.0010736 0.0010736 0.0000010 0.0011261 0.0086857 0.0075957 0.0075957 0.0075957 0.0097736 0.0075864 0.0076050 0.0089684 0.0091258 0.0086751 0.0097833 0.0086751 0.0086751 0.0098066 0.0075979 0.0097715 0.0075864 0.0075957 0.0086751 0.0086751 0.0086900 0.0086751 0.0087007 0.0086751 0.0086751 0.0086751 0.0087203 0.0097751 0.0289165 0.0382958 0.0337945 
MH751959.1_Eimeria_ferrisi              0.0000010 0.0027788 0.0228079 0.0000010 0.0010611 0.0009424 0.0000010 0.0000010 0.0009564 0.0018868 0.0000010 0.0018901 0.0000023 0.0000010 0.0009401 0.0000010 0.0018605 0.0015087 0.0007537 0.0017015 0.0009417 0.0000010 0.0007586 0.0010736 0.0000000 0.0000010 0.0000010 0.0000010 0.0007848 0.0000010 0.0000010 0.0000010 0.0000010 0.0000010 0.0008549 0.0000010 0.0007537 0.0000010 0.0000010 0.0000010 0.0000010 0.0007667 0.0015312 0.0000010 0.0007493 0.0009401 0.0000010 0.0008319 0.0000010 0.0000010 0.0025283 0.0010202 0.0007532 0.0039758 0.0000010 0.0000010 0.0000010 0.0010077 0.0000010 0.0000010 0.0018132 0.0000010 0.0000010 0.0000010 0.0037024 0.0035817 0.0015821 0.0044119 0.0008255 0.0000010 0.0000010 0.0031334 0.0000010 0.0000010 0.0021515 0.0000010 0.0000010 0.0000010 0.0008506 0.0000010 0.0116331 0.0104963 0.0104850 0.0098567 0.0124224 0.0098483 0.0081729 0.0126119 0.0120372 0.0106101 0.0122743 0.0108318 0.0110379 0.0114063 0.0098587 0.0129768 0.0102583 0.0102978 0.0110627 0.0095176 0.0097368 0.0098627 0.0095668 0.0090850 0.0095074 0.0094206 0.0093734 0.0103618 0.0279702 0.0386055 0.0323242 
MH751961.1_Eimeria_ferrisi              0.0000010 0.0027788 0.0228079 0.0000010 0.0010611 0.0009424 0.0000010 0.0000010 0.0009564 0.0018868 0.0000010 0.0018901 0.0000028 0.0000010 0.0009401 0.0000010 0.0019124 0.0018844 0.0000010 0.0000010 0.0009417 0.0000010 0.0000010 0.0010736 0.0000010 0.0000000 0.0000010 0.0000010 0.0000010 0.0000010 0.0000010 0.0000010 0.0000010 0.0000010 0.0000010 0.0000010 0.0000010 0.0000010 0.0000010 0.0000010 0.0000010 0.0009401 0.0009401 0.0000010 0.0009401 0.0009401 0.0000010 0.0009467 0.0000010 0.0000010 0.0000010 0.0010202 0.0009459 0.0039758 0.0000010 0.0000010 0.0000010 0.0010077 0.0000010 0.0000010 0.0020876 0.0000010 0.0000010 0.0000010 0.0038547 0.0038261 0.0009401 0.0000010 0.0009401 0.0000010 0.0000010 0.0018856 0.0000010 0.0000010 0.0022061 0.0000010 0.0000010 0.0000010 0.0009401 0.0000010 0.0116331 0.0104963 0.0104850 0.0104772 0.0124224 0.0104659 0.0081729 0.0126119 0.0139485 0.0114230 0.0124014 0.0114230 0.0114230 0.0124275 0.0104798 0.0123883 0.0104659 0.0104772 0.0114230 0.0095176 0.0095392 0.0095074 0.0095668 0.0095074 0.0095074 0.0095074 0.0095507 0.0104728 0.0284162 0.0373955 0.0337195 
MH751962.1_Eimeria_ferrisi              0.0000010 0.0027788 0.0228079 0.0000010 0.0010611 0.0009424 0.0000010 0.0000010 0.0009564 0.0018868 0.0000010 0.0018901 0.0000024 0.0000010 0.0009401 0.0000010 0.0018605 0.0015549 0.0007764 0.0017207 0.0009417 0.0000010 0.0007779 0.0010736 0.0000010 0.0000010 0.0000000 0.0000010 0.0007899 0.0000010 0.0000010 0.0000010 0.0000010 0.0000010 0.0008549 0.0000010 0.0007764 0.0000010 0.0000010 0.0000010 0.0000010 0.0007660 0.0015613 0.0000010 0.0007719 0.0009401 0.0000010 0.0008610 0.0000010 0.0000010 0.0025283 0.0010202 0.0007700 0.0039758 0.0000010 0.0000010 0.0000010 0.0010077 0.0000010 0.0000010 0.0018808 0.0000010 0.0000010 0.0000010 0.0037024 0.0035817 0.0016330 0.0015569 0.0008255 0.0000010 0.0000010 0.0032348 0.0000010 0.0000010 0.0021515 0.0000010 0.0000010 0.0000010 0.0008549 0.0000010 0.0116331 0.0104963 0.0104850 0.0100880 0.0124224 0.0101534 0.0081729 0.0126119 0.0120372 0.0108594 0.0126594 0.0111746 0.0110379 0.0116746 0.0100901 0.0134079 0.0105900 0.0106316 0.0114197 0.0095176 0.0097368 0.0101688 0.0095668 0.0092985 0.0095074 0.0094592 0.0093328 0.0103776 0.0277436 0.0368391 0.0319666 
MH751963.1_Eimeria_ferrisi              0.0000010 0.0027788 0.0228079 0.0000010 0.0010611 0.0009424 0.0000010 0.0000010 0.0009564 0.0018868 0.0000010 0.0018901 0.0000023 0.0000010 0.0009401 0.0000010 0.0018605 0.0014900 0.0007468 0.0017015 0.0009417 0.0000010 0.0007586 0.0010736 0.0000010 0.0000010 0.0000010 0.0000000 0.0007848 0.0000010 0.0000010 0.0000010 0.0000010 0.0007379 0.0008549 0.0000010 0.0007468 0.0000010 0.0000010 0.0000010 0.0000010 0.0007611 0.0015312 0.0000010 0.0007493 0.0009401 0.0000010 0.0008319 0.0000010 0.0000010 0.0025283 0.0010202 0.0007326 0.0039758 0.0000010 0.0000010 0.0000010 0.0010077 0.0007319 0.0000010 0.0017863 0.0000010 0.0000010 0.0000010 0.0037024 0.0035817 0.0015615 0.0043067 0.0008255 0.0000010 0.0000010 0.0030930 0.0000010 0.0000010 0.0021515 0.0000010 0.0000010 0.0000010 0.0008506 0.0000010 0.0116331 0.0104963 0.0104850 0.0097484 0.0124224 0.0097259 0.0081729 0.0126119 0.0120372 0.0104053 0.0121198 0.0108318 0.0110379 0.0110921 0.0095878 0.0128042 0.0101253 0.0101640 0.0109193 0.0095176 0.0097368 0.0098627 0.0095668 0.0089033 0.0095074 0.0094206 0.0092246 0.0103618 0.0274747 0.0375047 0.0315447 
MH751965.1_Eimeria_ferrisi              0.0000010 0.0027788 0.0228079 0.0007848 0.0010611 0.0009424 0.0000010 0.0000010 0.0009564 0.0018868 0.0000010 0.0018901 0.0007865 0.0000010 0.0009401 0.0007857 0.0018605 0.0023584 0.0000010 0.0017084 0.0009417 0.0009095 0.0000010 0.0010736 0.0007848 0.0000010 0.0007899 0.0007848 0.0000000 0.0007848 0.0000010 0.0000010 0.0000010 0.0007848 0.0000010 0.0007848 0.0000010 0.0010703 0.0007848 0.0007848 0.0007848 0.0015702 0.0007842 0.0007848 0.0015702 0.0009401 0.0007848 0.0008549 0.0007848 0.0007848 0.0016834 0.0010202 0.0015780 0.0039758 0.0007861 0.0007848 0.0007848 0.0010077 0.0007862 0.0007848 0.0018660 0.0007848 0.0007848 0.0007848 0.0037024 0.0047821 0.0024359 0.0015380 0.0016524 0.0007993 0.0000010 0.0040202 0.0000010 0.0000010 0.0032312 0.0000010 0.0007970 0.0007883 0.0008506 0.0000010 0.0116331 0.0104963 0.0104850 0.0111265 0.0124224 0.0111165 0.0081729 0.0126119 0.0135121 0.0119156 0.0135409 0.0119156 0.0119704 0.0127549 0.0111288 0.0141612 0.0113391 0.0113828 0.0121649 0.0095176 0.0088394 0.0095112 0.0095668 0.0103150 0.0095074 0.0103409 0.0103917 0.0111794 0.0268426 0.0360297 0.0309077 
MH751966.1_Eimeria_ferrisi              0.0000010 0.0027788 0.0228079 0.0000010 0.0010611 0.0009424 0.0000010 0.0000010 0.0009564 0.0018868 0.0000010 0.0018901 0.0000023 0.0000010 0.0009401 0.0000010 0.0018605 0.0014908 0.0007472 0.0017015 0.0009417 0.0000010 0.0007586 0.0010736 0.0000010 0.0000010 0.0000010 0.0000010 0.0007848 0.0000000 0.0000010 0.0000010 0.0000010 0.0007538 0.0008549 0.0000010 0.0007472 0.0000010 0.0000010 0.0000010 0.0000010 0.0007722 0.0015312 0.0000010 0.0007538 0.0009401 0.0000010 0.0008319 0.0000010 0.0000010 0.0025283 0.0010202 0.0007477 0.0039758 0.0000010 0.0000010 0.0000010 0.0010077 0.0000010 0.0000010 0.0017845 0.0000010 0.0000010 0.0000010 0.0037024 0.0035817 0.0015601 0.0042997 0.0008255 0.0000010 0.0000010 0.0030903 0.0000010 0.0000010 0.0021515 0.0000010 0.0000010 0.0000010 0.0008506 0.0000010 0.0116331 0.0104963 0.0104850 0.0099169 0.0124224 0.0097762 0.0081729 0.0126119 0.0120372 0.0105324 0.0121095 0.0108318 0.0110379 0.0113224 0.0097864 0.0127927 0.0101174 0.0101551 0.0109097 0.0095176 0.0097368 0.0099111 0.0095668 0.0090549 0.0095074 0.0094206 0.0094322 0.0103618 0.0272588 0.0374948 0.0313829 
MH751967.1_Eimeria_ferrisi              0.0000010 0.0027788 0.0228079 0.0000010 0.0010637 0.0010081 0.0000010 0.0000010 0.0010129 0.0020188 0.0000010 0.0020195 0.0000029 0.0000010 0.0010081 0.0000010 0.0020360 0.0020199 0.0000010 0.0000010 0.0000010 0.0000010 0.0000010 0.0010736 0.0000010 0.0000010 0.0000010 0.0000010 0.0000010 0.0000010 0.0000000 0.0000010 0.0000010 0.0000010 0.0000010 0.0000010 0.0000010 0.0000010 0.0000010 0.0000010 0.0000010 0.0010081 0.0010081 0.0000010 0.0010081 0.0010081 0.0000010 0.0010081 0.0000010 0.0000010 0.0000010 0.0010314 0.0010150 0.0039758 0.0000010 0.0000010 0.0000010 0.0010117 0.0000010 0.0000010 0.0022351 0.0000010 0.0000010 0.0000010 0.0021875 0.0038647 0.0010081 0.0000010 0.0010081 0.0000010 0.0000010 0.0020213 0.0000010 0.0000010 0.0022247 0.0000010 0.0000010 0.0000010 0.0010081 0.0000010 0.0122676 0.0112394 0.0112394 0.0112394 0.0132927 0.0112264 0.0082662 0.0127150 0.0141004 0.0122534 0.0133051 0.0122534 0.0122534 0.0133350 0.0112423 0.0132899 0.0112264 0.0112394 0.0122534 0.0101976 0.0102141 0.0101976 0.0102259 0.0101976 0.0101976 0.0101976 0.0102475 0.0112343 0.0292743 0.0391328 0.0340876 
MH751968.1_Eimeria_ferrisi              0.0000010 0.0027788 0.0228079 0.0000010 0.0010611 0.0009424 0.0000010 0.0000010 0.0009564 0.0018880 0.0000010 0.0018901 0.0000028 0.0000010 0.0009424 0.0000010 0.0019145 0.0018878 0.0000010 0.0000010 0.0000010 0.0000010 0.0000010 0.0010736 0.0000010 0.0000010 0.0000010 0.0000010 0.0000010 0.0000010 0.0000010 0.0000000 0.0000010 0.0000010 0.0000010 0.0000010 0.0000010 0.0000010 0.0000010 0.0000010 0.0000010 0.0009424 0.0009424 0.0000010 0.0009424 0.0009424 0.0000010 0.0009478 0.0000010 0.0000010 0.0000010 0.0010202 0.0009485 0.0039758 0.0000010 0.0000010 0.0000010 0.0010077 0.0000010 0.0000010 0.0020900 0.0000010 0.0000010 0.0000010 0.0038631 0.0038304 0.0009424 0.0000010 0.0009424 0.0000010 0.0000010 0.0018888 0.0000010 0.0000010 0.0022078 0.0000010 0.0000010 0.0000010 0.0009424 0.0000010 0.0116331 0.0104963 0.0104963 0.0104963 0.0124224 0.0104847 0.0081729 0.0126222 0.0139638 0.0114434 0.0124235 0.0114434 0.0114434 0.0124501 0.0104987 0.0124102 0.0104847 0.0104963 0.0114434 0.0095245 0.0095565 0.0095245 0.0095668 0.0095245 0.0095245 0.0095245 0.0095681 0.0104917 0.0284380 0.0374657 0.0337565 
MH751969.1_Eimeria_ferrisi              0.0000010 0.0027788 0.0228079 0.0000010 0.0010611 0.0009518 0.0000010 0.0000010 0.0009564 0.0019058 0.0000010 0.0019069 0.0000028 0.0000010 0.0009518 0.0000010 0.0019225 0.0019067 0.0000010 0.0000010 0.0000010 0.0000010 0.0000010 0.0010736 0.0000010 0.0000010 0.0000010 0.0000010 0.0000010 0.0000010 0.0000010 0.0000010 0.0000000 0.0000010 0.0000010 0.0000010 0.0000010 0.0000010 0.0000010 0.0000010 0.0000010 0.0009518 0.0009518 0.0000010 0.0009518 0.0009518 0.0000010 0.0009518 0.0000010 0.0000010 0.0000010 0.0010202 0.0009581 0.0039758 0.0000010 0.0000010 0.0000010 0.0010077 0.0000010 0.0000010 0.0020991 0.0000010 0.0000010 0.0000010 0.0019413 0.0038608 0.0009518 0.0000010 0.0009518 0.0000010 0.0000010 0.0019071 0.0000010 0.0000010 0.0022227 0.0000010 0.0000010 0.0000010 0.0009518 0.0000010 0.0117030 0.0106026 0.0106026 0.0106026 0.0125390 0.0105903 0.0081729 0.0127045 0.0140849 0.0115598 0.0125504 0.0115598 0.0115598 0.0125766 0.0106045 0.0125370 0.0105903 0.0106026 0.0115598 0.0096205 0.0096532 0.0096205 0.0096637 0.0096205 0.0096205 0.0096205 0.0096653 0.0105973 0.0276093 0.0378564 0.0340498 
MH751970.1_Eimeria_ferrisi              0.0000010 0.0027788 0.0228079 0.0000010 0.0010611 0.0009424 0.0000010 0.0000010 0.0009564 0.0018868 0.0000010 0.0018901 0.0007557 0.0000010 0.0009401 0.0000010 0.0018605 0.0022640 0.0015079 0.0017015 0.0009417 0.0000010 0.0007586 0.0010736 0.0000010 0.0000010 0.0000010 0.0007379 0.0007848 0.0007538 0.0000010 0.0000010 0.0000010 0.0000000 0.0008549 0.0007373 0.0015079 0.0000010 0.0000010 0.0000010 0.0000010 0.0007611 0.0015312 0.0007440 0.0007493 0.0009401 0.0000010 0.0008319 0.0000010 0.0007533 0.0025283 0.0010202 0.0014826 0.0039758 0.0007384 0.0007373 0.0007373 0.0010077 0.0022197 0.0007373 0.0027208 0.0007373 0.0007373 0.0007373 0.0037024 0.0035817 0.0023738 0.0058858 0.0008255 0.0007797 0.0000010 0.0039181 0.0014713 0.0000010 0.0021515 0.0000010 0.0000010 0.0000010 0.0008506 0.0000010 0.0116331 0.0104963 0.0104850 0.0097484 0.0124224 0.0106088 0.0081729 0.0126119 0.0120372 0.0112902 0.0130451 0.0108318 0.0110379 0.0119719 0.0104473 0.0137918 0.0110510 0.0110931 0.0118563 0.0095176 0.0097368 0.0098627 0.0095668 0.0097371 0.0095074 0.0094206 0.0092168 0.0103618 0.0274483 0.0387407 0.0315025 
