112
18S_0067a_deg_3Mod_53_F.NSR399_3Mod_53_R_ASV_1 0.0000000 0.0031300 0.0062825 0.0094585 0.0000010 0.0000010 0.0000010 0.0000010 0.0000010 0.0000010 0.0000010 0.0000010 0.0000010 0.0000010 0.0000010 0.0000010 0.0000010 0.0000010 0.0000010 0.0000010 0.0103634 0.0000010 0.0000010 0.0000010 0.0000010 0.0000010 0.0000010 0.0000010 0.0000010 0.0000010 0.0000010 0.0000010 0.0000010 0.0000010 0.0045045 0.0000010 0.0000010 0.0000010 0.0000010 0.0000010 0.0000010 0.0000010 0.0000010 0.0000010 0.0000010 0.0000010 0.0000010 0.0000010 0.0000010 0.0000010 0.0000010 0.0094052 0.0000010 0.0000010 0.0000010 0.0000010 0.0000010 0.0000010 0.0000010 0.0000010 0.0000010 0.0000010 0.0000010 0.0000010 0.0000010 0.0103002 0.0000010 0.0000010 0.0108243 0.0000010 0.0032640 0.0000010 0.0000010 0.0000010 0.0000010 0.0000010 0.0000010 0.0000010 0.0000010 0.0000010 0.0000010 0.0000010 0.0000010 0.0000010 0.0090886 0.0000010 0.0084102 0.0000010 0.0000010 0.0000010 0.0084102 0.0119214 0.0090886 0.0000010 0.0080782 0.0080782 0.0077335 0.0070958 0.0070757 0.0070003 0.0000010 0.0000010 0.0090886 0.0000010 0.0086060 0.0000010 0.0107709 0.0108517 0.0109653 0.0000010 0.0353406 0.0000010 
18S_0067a_deg_3Mod_53_F.NSR399_3Mod_53_R_ASV_2 0.0031300 0.0000000 0.0094585 0.0062711 0.0000010 0.0000010 0.0000010 0.0000010 0.0000010 0.0000010 0.0000010 0.0000010 0.0000010 0.0000010 0.0000010 0.0000010 0.0000010 0.0000010 0.0000010 0.0000010 0.0103634 0.0000010 0.0000010 0.0000010 0.0000010 0.0000010 0.0000010 0.0000010 0.0000010 0.0000010 0.0000010 0.0000010 0.0000010 0.0000010 0.0045045 0.0000010 0.0000010 0.0000010 0.0000010 0.0000010 0.0000010 0.0000010 0.0000010 0.0000010 0.0000010 0.0000010 0.0000010 0.0000010 0.0000010 0.0000010 0.0000010 0.0094052 0.0000010 0.0000010 0.0000010 0.0000010 0.0000010 0.0000010 0.0000010 0.0000010 0.0000010 0.0000010 0.0000010 0.0000010 0.0000010 0.0103002 0.0000010 0.0000010 0.0108243 0.0000010 0.0032640 0.0000010 0.0000010 0.0000010 0.0000010 0.0000010 0.0000010 0.0000010 0.0000010 0.0000010 0.0000010 0.0000010 0.0000010 0.0000010 0.0090886 0.0000010 0.0084102 0.0000010 0.0000010 0.0000010 0.0084102 0.0119214 0.0090886 0.0000010 0.0080782 0.0080782 0.0077335 0.0070958 0.0070757 0.0070003 0.0000010 0.0000010 0.0090886 0.0000010 0.0086060 0.0000010 0.0107709 0.0108517 0.0109653 0.0000010 0.0353406 0.0000010 
18S_0067a_deg_3Mod_53_F.NSR399_3Mod_53_R_ASV_3 0.0062825 0.0094585 0.0000000 0.0031351 0.0091687 0.0000010 0.0000010 0.0000010 0.0000010 0.0000010 0.0000010 0.0000010 0.0000010 0.0084501 0.0000010 0.0000010 0.0106817 0.0000010 0.0084501 0.0086060 0.0209745 0.0000010 0.0000010 0.0093434 0.0000010 0.0090886 0.0000010 0.0110812 0.0084501 0.0105932 0.0084102 0.0000010 0.0000010 0.0000010 0.0136562 0.0000010 0.0084102 0.0086060 0.0000010 0.0090886 0.0090886 0.0090886 0.0105932 0.0097539 0.0086060 0.0090886 0.0000010 0.0096002 0.0090886 0.0096002 0.0086060 0.0094052 0.0000010 0.0082314 0.0000010 0.0085471 0.0084102 0.0084102 0.0000010 0.0085471 0.0084102 0.0080782 0.0080782 0.0080782 0.0081045 0.0103002 0.0000010 0.0069473 0.0181925 0.0128963 0.0098664 0.0000010 0.0070003 0.0070003 0.0000010 0.0000010 0.0135438 0.0105932 0.0109184 0.0107266 0.0136899 0.0000010 0.0000010 0.0000010 0.0000010 0.0000010 0.0000010 0.0000010 0.0000010 0.0000010 0.0000010 0.0039468 0.0000010 0.0000010 0.0000010 0.0000010 0.0000010 0.0000010 0.0000010 0.0000010 0.0000010 0.0000010 0.0000010 0.0000010 0.0000010 0.0000010 0.0000010 0.0000010 0.0000010 0.0000010 0.0435900 0.0000010 
18S_0067a_deg_3Mod_53_F.NSR399_3Mod_53_R_ASV_4 0.0094585 0.0062711 0.0031351 0.0000000 0.0091687 0.0000010 0.0000010 0.0000010 0.0000010 0.0000010 0.0000010 0.0000010 0.0000010 0.0084501 0.0000010 0.0000010 0.0106817 0.0000010 0.0084501 0.0086060 0.0209745 0.0000010 0.0000010 0.0093434 0.0000010 0.0090886 0.0000010 0.0110812 0.0084501 0.0105932 0.0084102 0.0000010 0.0000010 0.0000010 0.0136562 0.0000010 0.0084102 0.0086060 0.0000010 0.0090886 0.0090886 0.0090886 0.0105932 0.0097539 0.0086060 0.0090886 0.0000010 0.0096002 0.0090886 0.0096002 0.0086060 0.0094052 0.0000010 0.0082314 0.0000010 0.0085471 0.0084102 0.0084102 0.0000010 0.0085471 0.0084102 0.0080782 0.0080782 0.0080782 0.0081045 0.0103002 0.0000010 0.0069473 0.0181925 0.0128963 0.0098664 0.0000010 0.0070003 0.0070003 0.0000010 0.0000010 0.0135438 0.0105932 0.0109184 0.0107266 0.0136899 0.0000010 0.0000010 0.0000010 0.0000010 0.0000010 0.0000010 0.0000010 0.0000010 0.0000010 0.0000010 0.0039468 0.0000010 0.0000010 0.0000010 0.0000010 0.0000010 0.0000010 0.0000010 0.0000010 0.0000010 0.0000010 0.0000010 0.0000010 0.0000010 0.0000010 0.0000010 0.0000010 0.0000010 0.0000010 0.0435900 0.0000010 
MH751925.1_Eimeria_ferrisi                     0.0000010 0.0000010 0.0091687 0.0091687 0.0000000 0.0010610 0.0009423 0.0000010 0.0000010 0.0009563 0.0018867 0.0000010 0.0018899 0.0000023 0.0000010 0.0009400 0.0000010 0.0018603 0.0015196 0.0007592 0.0017014 0.0009416 0.0000010 0.0007620 0.0010735 0.0000010 0.0000010 0.0000010 0.0000010 0.0007848 0.0000010 0.0000010 0.0000010 0.0000010 0.0000010 0.0008549 0.0000010 0.0007592 0.0000010 0.0000010 0.0000010 0.0000010 0.0007763 0.0015346 0.0000010 0.0007588 0.0009400 0.0000010 0.0008333 0.0000010 0.0000010 0.0025282 0.0010200 0.0007628 0.0039760 0.0000010 0.0000010 0.0000010 0.0010076 0.0000010 0.0000010 0.0018165 0.0000010 0.0000010 0.0000010 0.0037030 0.0035822 0.0015846 0.0044173 0.0008255 0.0000010 0.0000010 0.0031385 0.0000010 0.0000010 0.0021516 0.0000010 0.0000010 0.0000010 0.0008506 0.0000010 0.0116312 0.0104948 0.0104836 0.0099834 0.0124211 0.0099746 0.0081711 0.0126111 0.0145146 0.0107466 0.0123132 0.0108488 0.0110372 0.0115534 0.0099853 0.0129974 0.0102748 0.0103139 0.0110802 0.0095163 0.0097360 0.0099774 0.0095656 0.0092020 0.0095061 0.0094368 0.0094820 0.0103617 0.0265062 0.0374494 0.0303862 
MH751927.1_Eimeria_ferrisi                     0.0000010 0.0000010 0.0000010 0.0000010 0.0010610 0.0000000 0.0000010 0.0010610 0.0010610 0.0000010 0.0010614 0.0010610 0.0010618 0.0010649 0.0010645 0.0000010 0.0010610 0.0031970 0.0000020 0.0010610 0.0010610 0.0010610 0.0010610 0.0010620 0.0000010 0.0010610 0.0010610 0.0010610 0.0010610 0.0010610 0.0010610 0.0010636 0.0010610 0.0010610 0.0010610 0.0010610 0.0010610 0.0010610 0.0012868 0.0010610 0.0010610 0.0010610 0.0000010 0.0000010 0.0010610 0.0000010 0.0000010 0.0010610 0.0000010 0.0010610 0.0010610 0.0010610 0.0021556 0.0021389 0.0026479 0.0010635 0.0010610 0.0010610 0.0000010 0.0010636 0.0010610 0.0033466 0.0010610 0.0010610 0.0010610 0.0000010 0.0027573 0.0000010 0.0020960 0.0000010 0.0010610 0.0011632 0.0010610 0.0021131 0.0010610 0.0011794 0.0010636 0.0010610 0.0010610 0.0000010 0.0011145 0.0085818 0.0075049 0.0075049 0.0075049 0.0096569 0.0074958 0.0075139 0.0089337 0.0121376 0.0085715 0.0096660 0.0085715 0.0085715 0.0096889 0.0075069 0.0096546 0.0074958 0.0075049 0.0085715 0.0085715 0.0085862 0.0085715 0.0085966 0.0085715 0.0085715 0.0085715 0.0086154 0.0096579 0.0285969 0.0378175 0.0336252 
MH751928.1_Eimeria_ferrisi                     0.0000010 0.0000010 0.0000010 0.0000010 0.0009423 0.0000010 0.0000000 0.0009423 0.0009423 0.0000010 0.0009433 0.0009423 0.0009443 0.0009453 0.0009482 0.0000010 0.0009423 0.0028726 0.0009430 0.0009423 0.0009448 0.0009423 0.0009988 0.0009430 0.0000010 0.0009423 0.0009423 0.0009423 0.0009423 0.0009423 0.0009423 0.0010080 0.0009423 0.0009517 0.0009423 0.0009423 0.0009423 0.0009423 0.0011964 0.0009423 0.0009423 0.0009423 0.0000010 0.0000010 0.0009423 0.0000010 0.0000010 0.0009423 0.0000010 0.0009423 0.0009423 0.0009423 0.0020413 0.0018979 0.0026479 0.0009442 0.0009423 0.0009423 0.0000010 0.0009443 0.0009423 0.0031355 0.0009423 0.0009423 0.0009423 0.0019287 0.0025509 0.0000010 0.0018619 0.0000010 0.0009423 0.0011295 0.0028346 0.0018752 0.0009460 0.0011030 0.0009997 0.0009423 0.0009423 0.0000010 0.0010451 0.0106531 0.0095336 0.0095336 0.0095336 0.0114570 0.0095233 0.0071440 0.0115601 0.0153815 0.0104808 0.0114580 0.0104808 0.0104808 0.0114822 0.0095358 0.0114459 0.0095233 0.0095336 0.0104808 0.0104808 0.0105162 0.0104808 0.0105275 0.0104808 0.0104808 0.0104808 0.0105286 0.0114494 0.0294279 0.0384618 0.0351944 
MH751929.1_Eimeria_ferrisi                     0.0000010 0.0000010 0.0000010 0.0000010 0.0000010 0.0010610 0.0009423 0.0000000 0.0000010 0.0009563 0.0018878 0.0000010 0.0018899 0.0000028 0.0000010 0.0009413 0.0000010 0.0019120 0.0018856 0.0000010 0.0000010 0.0000010 0.0000010 0.0000010 0.0010735 0.0000010 0.0000010 0.0000010 0.0000010 0.0000010 0.0000010 0.0000010 0.0000010 0.0000010 0.0000010 0.0000010 0.0000010 0.0000010 0.0000010 0.0000010 0.0000010 0.0000010 0.0009413 0.0009413 0.0000010 0.0009413 0.0009413 0.0000010 0.0009466 0.0000010 0.0000010 0.0000010 0.0010200 0.0009474 0.0039760 0.0000010 0.0000010 0.0000010 0.0010076 0.0000010 0.0000010 0.0020872 0.0000010 0.0000010 0.0000010 0.0038550 0.0038311 0.0009413 0.0000010 0.0009413 0.0000010 0.0000010 0.0018865 0.0000010 0.0000010 0.0022079 0.0000010 0.0000010 0.0000010 0.0009413 0.0000010 0.0116312 0.0104948 0.0104836 0.0104836 0.0124211 0.0104722 0.0081711 0.0126215 0.0167985 0.0114297 0.0124084 0.0114297 0.0114297 0.0124351 0.0104859 0.0123964 0.0104722 0.0104836 0.0114297 0.0095233 0.0095451 0.0095131 0.0095656 0.0095131 0.0095131 0.0095131 0.0095563 0.0104790 0.0284322 0.0374151 0.0337613 
MH751930.1_Eimeria_ferrisi                     0.0000010 0.0000010 0.0000010 0.0000010 0.0000010 0.0010610 0.0009423 0.0000010 0.0000000 0.0009563 0.0018878 0.0000010 0.0018899 0.0000028 0.0000010 0.0009413 0.0000010 0.0019120 0.0018856 0.0000010 0.0000010 0.0000010 0.0000010 0.0000010 0.0010735 0.0000010 0.0000010 0.0000010 0.0000010 0.0000010 0.0000010 0.0000010 0.0000010 0.0000010 0.0000010 0.0000010 0.0000010 0.0000010 0.0000010 0.0000010 0.0000010 0.0000010 0.0009413 0.0009413 0.0000010 0.0009413 0.0009413 0.0000010 0.0009466 0.0000010 0.0000010 0.0000010 0.0010200 0.0009474 0.0039760 0.0000010 0.0000010 0.0000010 0.0010076 0.0000010 0.0000010 0.0020872 0.0000010 0.0000010 0.0000010 0.0038550 0.0038311 0.0009413 0.0000010 0.0009413 0.0000010 0.0000010 0.0018865 0.0000010 0.0000010 0.0022079 0.0000010 0.0000010 0.0000010 0.0009413 0.0000010 0.0116312 0.0104948 0.0104836 0.0104836 0.0124211 0.0104722 0.0081711 0.0126215 0.0167985 0.0114297 0.0124084 0.0114297 0.0114297 0.0124351 0.0104859 0.0123964 0.0104722 0.0104836 0.0114297 0.0095233 0.0095451 0.0095131 0.0095656 0.0095131 0.0095131 0.0095131 0.0095563 0.0104790 0.0284322 0.0374151 0.0337613 
MH751932.1_Eimeria_ferrisi                     0.0000010 0.0000010 0.0000010 0.0000010 0.0009563 0.0000010 0.0000010 0.0009563 0.0009563 0.0000000 0.0009566 0.0009563 0.0009577 0.0009596 0.0009617 0.0000010 0.0009563 0.0028846 0.0000029 0.0009563 0.0009563 0.0009563 0.0010104 0.0009570 0.0000010 0.0009563 0.0009563 0.0009563 0.0009563 0.0009563 0.0009563 0.0010127 0.0009563 0.0009563 0.0009563 0.0009563 0.0009563 0.0009563 0.0012130 0.0009563 0.0009563 0.0009563 0.0000010 0.0000010 0.0009563 0.0000010 0.0000010 0.0009563 0.0000010 0.0009563 0.0009563 0.0009563 0.0020413 0.0019266 0.0026479 0.0009583 0.0009563 0.0009563 0.0000010 0.0009584 0.0009563 0.0031498 0.0009563 0.0009563 0.0009563 0.0000010 0.0025886 0.0000010 0.0018770 0.0000010 0.0009563 0.0011295 0.0028775 0.0018905 0.0009563 0.0011172 0.0010038 0.0009563 0.0009563 0.0000010 0.0010499 0.0078152 0.0067583 0.0067583 0.0067583 0.0086956 0.0067506 0.0071440 0.0084862 0.0113260 0.0077196 0.0087035 0.0077196 0.0077196 0.0087215 0.0067597 0.0086942 0.0067506 0.0067583 0.0077196 0.0077196 0.0077451 0.0077196 0.0077535 0.0077196 0.0077196 0.0077196 0.0077550 0.0086969 0.0257134 0.0359692 0.0313589 
MH751933.1_Eimeria_ferrisi                     0.0000010 0.0000010 0.0000010 0.0000010 0.0018867 0.0010614 0.0009433 0.0018878 0.0018878 0.0009566 0.0000000 0.0018867 0.0018905 0.0018922 0.0018984 0.0009422 0.0018867 0.0038372 0.0018882 0.0018867 0.0018929 0.0028329 0.0019985 0.0018881 0.0010739 0.0018867 0.0018867 0.0018867 0.0018867 0.0018867 0.0018867 0.0020186 0.0018878 0.0019055 0.0018867 0.0018867 0.0018867 0.0018867 0.0023939 0.0018867 0.0018867 0.0018867 0.0009422 0.0009422 0.0018867 0.0009422 0.0009422 0.0018867 0.0009487 0.0018867 0.0018867 0.0018867 0.0030656 0.0028498 0.0039779 0.0018905 0.0018867 0.0018867 0.0010080 0.0018907 0.0018867 0.0041901 0.0018867 0.0018867 0.0018867 0.0019316 0.0038285 0.0009422 0.0018646 0.0009422 0.0018867 0.0022621 0.0037836 0.0018780 0.0018929 0.0022070 0.0020029 0.0018867 0.0018867 0.0009422 0.0020945 0.0116352 0.0105062 0.0105062 0.0104984 0.0124253 0.0104871 0.0081741 0.0126159 0.0167887 0.0114462 0.0124265 0.0114462 0.0114462 0.0124527 0.0105009 0.0124135 0.0104871 0.0104984 0.0114462 0.0114462 0.0114849 0.0114462 0.0115056 0.0114462 0.0114462 0.0114462 0.0114984 0.0124173 0.0304198 0.0394933 0.0366220 
MH751935.1_Eimeria_ferrisi                     0.0000010 0.0000010 0.0000010 0.0000010 0.0000010 0.0010610 0.0009423 0.0000010 0.0000010 0.0009563 0.0018867 0.0000000 0.0018899 0.0000028 0.0000010 0.0009411 0.0000010 0.0019141 0.0018862 0.0000010 0.0000010 0.0009416 0.0000010 0.0000010 0.0010735 0.0000010 0.0000010 0.0000010 0.0000010 0.0000010 0.0000010 0.0000010 0.0000010 0.0000010 0.0000010 0.0000010 0.0000010 0.0000010 0.0000010 0.0000010 0.0000010 0.0000010 0.0009411 0.0009411 0.0000010 0.0009411 0.0009411 0.0000010 0.0009477 0.0000010 0.0000010 0.0000010 0.0010200 0.0009469 0.0039760 0.0000010 0.0000010 0.0000010 0.0010076 0.0000010 0.0000010 0.0020897 0.0000010 0.0000010 0.0000010 0.0038634 0.0038267 0.0009411 0.0000010 0.0009411 0.0000010 0.0000010 0.0018874 0.0000010 0.0000010 0.0022062 0.0000010 0.0000010 0.0000010 0.0009411 0.0000010 0.0116312 0.0104948 0.0104948 0.0104870 0.0124211 0.0104757 0.0081711 0.0126111 0.0167802 0.0114338 0.0124130 0.0114338 0.0114338 0.0124391 0.0104895 0.0124000 0.0104757 0.0104870 0.0114338 0.0095163 0.0095483 0.0095163 0.0095656 0.0095163 0.0095163 0.0095163 0.0095594 0.0104825 0.0284103 0.0374271 0.0337239 
MH751936.1_Eimeria_ferrisi                     0.0000010 0.0000010 0.0000010 0.0000010 0.0018899 0.0010618 0.0009443 0.0018899 0.0018899 0.0009577 0.0018905 0.0018899 0.0000000 0.0018960 0.0018990 0.0009443 0.0018899 0.0038414 0.0018916 0.0018899 0.0018949 0.0018899 0.0020003 0.0018914 0.0010743 0.0018899 0.0018899 0.0018899 0.0018899 0.0018899 0.0018899 0.0020193 0.0018899 0.0019066 0.0018899 0.0018899 0.0018899 0.0018899 0.0023965 0.0018899 0.0018899 0.0018899 0.0009443 0.0009443 0.0018899 0.0009443 0.0009443 0.0018899 0.0009498 0.0018899 0.0018899 0.0018899 0.0030666 0.0028549 0.0039796 0.0018938 0.0018899 0.0018899 0.0010083 0.0018940 0.0018899 0.0041951 0.0018899 0.0018899 0.0018899 0.0038804 0.0038344 0.0009443 0.0037450 0.0009443 0.0018899 0.0022630 0.0037905 0.0037720 0.0018965 0.0022096 0.0020052 0.0018899 0.0018899 0.0009443 0.0020960 0.0116388 0.0105175 0.0105175 0.0105175 0.0124387 0.0105061 0.0081768 0.0126306 0.0153815 0.0114668 0.0124488 0.0114668 0.0114668 0.0124755 0.0105199 0.0124357 0.0105061 0.0105175 0.0114668 0.0114668 0.0114968 0.0114668 0.0115092 0.0114668 0.0114668 0.0114668 0.0115195 0.0124395 0.0304768 0.0395678 0.0351944 
MH751938.1_Eimeria_ferrisi                     0.0000010 0.0000010 0.0084501 0.0084501 0.0000023 0.0010649 0.0009453 0.0000028 0.0000028 0.0009596 0.0018922 0.0000028 0.0018960 0.0000000 0.0000028 0.0009436 0.0000024 0.0009318 0.0014935 0.0007492 0.0017063 0.0009452 0.0000026 0.0007606 0.0010775 0.0000023 0.0000028 0.0000024 0.0000023 0.0007865 0.0000023 0.0000029 0.0000028 0.0000028 0.0007558 0.0008574 0.0000023 0.0007492 0.0000028 0.0000023 0.0000023 0.0000023 0.0007739 0.0015360 0.0000023 0.0007558 0.0009436 0.0000023 0.0008347 0.0000023 0.0000023 0.0025353 0.0010225 0.0007501 0.0039940 0.0000023 0.0000023 0.0000023 0.0010112 0.0000023 0.0000023 0.0017918 0.0000023 0.0000023 0.0000023 0.0037270 0.0035968 0.0015656 0.0043208 0.0008277 0.0000023 0.0000020 0.0031016 0.0000021 0.0000028 0.0021594 0.0000027 0.0000024 0.0000024 0.0008526 0.0000027 0.0106815 0.0095580 0.0095478 0.0091679 0.0114864 0.0090453 0.0071638 0.0115824 0.0133006 0.0098031 0.0113795 0.0100737 0.0101349 0.0105924 0.0090547 0.0120226 0.0093616 0.0093963 0.0101549 0.0085797 0.0088657 0.0091626 0.0086242 0.0083134 0.0085705 0.0086486 0.0086589 0.0095794 0.0273354 0.0367641 0.0290203 
MH751939.1_Eimeria_ferrisi                     0.0000010 0.0000010 0.0000010 0.0000010 0.0000010 0.0010645 0.0009482 0.0000010 0.0000010 0.0009617 0.0018984 0.0000010 0.0018990 0.0000028 0.0000000 0.0009482 0.0000010 0.0019254 0.0018994 0.0000010 0.0000010 0.0000010 0.0000010 0.0000010 0.0010757 0.0000010 0.0000010 0.0000010 0.0000010 0.0000010 0.0000010 0.0000010 0.0000010 0.0000010 0.0000010 0.0000010 0.0000010 0.0000010 0.0000010 0.0000010 0.0000010 0.0000010 0.0009482 0.0009482 0.0000010 0.0009482 0.0009482 0.0000010 0.0009537 0.0000010 0.0000010 0.0000010 0.0010241 0.0009544 0.0039760 0.0000010 0.0000010 0.0000010 0.0010116 0.0000010 0.0000010 0.0021020 0.0000010 0.0000010 0.0000010 0.0039068 0.0038350 0.0009482 0.0000010 0.0009482 0.0000010 0.0000010 0.0019005 0.0000010 0.0000010 0.0022099 0.0000010 0.0000010 0.0000010 0.0009482 0.0000010 0.0116865 0.0105608 0.0105608 0.0105608 0.0124900 0.0105493 0.0082128 0.0126578 0.0168174 0.0115141 0.0125003 0.0115141 0.0115141 0.0125270 0.0105633 0.0124871 0.0105493 0.0105608 0.0115141 0.0095831 0.0095905 0.0095831 0.0096082 0.0095831 0.0095831 0.0095831 0.0096269 0.0105562 0.0285939 0.0376997 0.0337997 
MH751944.1_Eimeria_ferrisi                     0.0000010 0.0000010 0.0000010 0.0000010 0.0009400 0.0000010 0.0000010 0.0009413 0.0009413 0.0000010 0.0009422 0.0009411 0.0009443 0.0009436 0.0009482 0.0000000 0.0009400 0.0028695 0.0009414 0.0009400 0.0009438 0.0018853 0.0009981 0.0009408 0.0000010 0.0009400 0.0009400 0.0009400 0.0009400 0.0009400 0.0009400 0.0010080 0.0009423 0.0009517 0.0009400 0.0009400 0.0009400 0.0009400 0.0011954 0.0009400 0.0009400 0.0009400 0.0000010 0.0000010 0.0009400 0.0000010 0.0000010 0.0009400 0.0000010 0.0009400 0.0009400 0.0009400 0.0020413 0.0018945 0.0026479 0.0009421 0.0009400 0.0009400 0.0000010 0.0009422 0.0009400 0.0031326 0.0009400 0.0009400 0.0009400 0.0019246 0.0025487 0.0000010 0.0018580 0.0000010 0.0009400 0.0011295 0.0028294 0.0018713 0.0009455 0.0011021 0.0009985 0.0009400 0.0009400 0.0000010 0.0010439 0.0106531 0.0095336 0.0095234 0.0095163 0.0114570 0.0095061 0.0071440 0.0115498 0.0153647 0.0104620 0.0114374 0.0104620 0.0104620 0.0114613 0.0095186 0.0114255 0.0095061 0.0095163 0.0104620 0.0104732 0.0104972 0.0104620 0.0105275 0.0104620 0.0104620 0.0104620 0.0105095 0.0114290 0.0294052 0.0383898 0.0351557 
MH751945.1_Eimeria_ferrisi                     0.0000010 0.0000010 0.0106817 0.0106817 0.0000010 0.0010610 0.0009423 0.0000010 0.0000010 0.0009563 0.0018867 0.0000010 0.0018899 0.0000024 0.0000010 0.0009400 0.0000000 0.0018603 0.0015468 0.0007731 0.0017107 0.0009416 0.0000010 0.0007736 0.0010735 0.0000010 0.0000010 0.0000010 0.0000010 0.0007858 0.0000010 0.0000010 0.0000010 0.0000010 0.0000010 0.0008549 0.0000010 0.0007731 0.0000010 0.0000010 0.0000010 0.0000010 0.0007727 0.0015532 0.0000010 0.0007727 0.0009400 0.0000010 0.0008560 0.0000010 0.0000010 0.0025282 0.0010200 0.0007768 0.0039760 0.0000010 0.0000010 0.0000010 0.0010076 0.0000010 0.0000010 0.0018687 0.0000010 0.0000010 0.0000010 0.0037030 0.0035822 0.0016239 0.0015388 0.0008255 0.0000010 0.0000010 0.0032172 0.0000010 0.0000010 0.0021516 0.0000010 0.0000010 0.0000010 0.0008506 0.0000010 0.0116312 0.0104948 0.0104836 0.0101655 0.0124211 0.0101572 0.0081711 0.0126111 0.0144768 0.0109423 0.0125924 0.0111149 0.0110372 0.0117645 0.0101681 0.0133322 0.0105324 0.0105728 0.0113578 0.0095163 0.0097360 0.0101600 0.0095656 0.0093693 0.0095061 0.0094209 0.0094263 0.0103617 0.0272361 0.0362849 0.0313586 
MH751946.1_Eimeria_ferrisi                     0.0000010 0.0000010 0.0000010 0.0000010 0.0018603 0.0031970 0.0028726 0.0019120 0.0019120 0.0028846 0.0038372 0.0019141 0.0038414 0.0009318 0.0019254 0.0028695 0.0018603 0.0000000 0.0027945 0.0018603 0.0027942 0.0019141 0.0020309 0.0018617 0.0032349 0.0018603 0.0019120 0.0018603 0.0018603 0.0018603 0.0018603 0.0020356 0.0019141 0.0019221 0.0018603 0.0018603 0.0018603 0.0018603 0.0024408 0.0018603 0.0018603 0.0018603 0.0027916 0.0027916 0.0018603 0.0027916 0.0028695 0.0018603 0.0027916 0.0018603 0.0018603 0.0027942 0.0030731 0.0028096 0.0066629 0.0018641 0.0018603 0.0018603 0.0030538 0.0018642 0.0018603 0.0040683 0.0018603 0.0018603 0.0018603 0.0074483 0.0065257 0.0027916 0.0053294 0.0027916 0.0018603 0.0022674 0.0027933 0.0035720 0.0019221 0.0045001 0.0019473 0.0018603 0.0018603 0.0027916 0.0020332 0.0068453 0.0057744 0.0057681 0.0056116 0.0077106 0.0056058 0.0061212 0.0074335 0.0099244 0.0065433 0.0084394 0.0065433 0.0067253 0.0075090 0.0056130 0.0074861 0.0056058 0.0056116 0.0065433 0.0048032 0.0048143 0.0046680 0.0048248 0.0046680 0.0047980 0.0046680 0.0046888 0.0056093 0.0247806 0.0338824 0.0270690 
MH751947.1_Eimeria_ferrisi                     0.0000010 0.0000010 0.0084501 0.0084501 0.0015196 0.0000020 0.0009430 0.0018856 0.0018856 0.0000029 0.0018882 0.0018862 0.0018916 0.0014935 0.0018994 0.0009414 0.0015468 0.0027945 0.0000000 0.0022447 0.0034093 0.0028322 0.0017978 0.0022800 0.0000020 0.0015088 0.0018842 0.0015550 0.0014901 0.0023585 0.0014910 0.0020197 0.0018876 0.0019064 0.0022642 0.0025703 0.0014901 0.0022447 0.0020963 0.0015088 0.0015088 0.0015088 0.0007723 0.0015327 0.0014949 0.0007539 0.0009414 0.0015223 0.0008333 0.0015223 0.0014949 0.0042216 0.0020437 0.0022480 0.0026518 0.0014956 0.0014901 0.0014901 0.0010081 0.0014957 0.0014901 0.0026836 0.0014901 0.0014901 0.0014901 0.0018526 0.0035861 0.0015626 0.0057470 0.0008260 0.0015417 0.0011305 0.0046491 0.0014393 0.0018915 0.0021536 0.0009321 0.0015960 0.0015607 0.0008512 0.0009732 0.0096883 0.0085822 0.0085730 0.0083838 0.0105050 0.0082719 0.0071523 0.0105041 0.0120567 0.0090276 0.0106019 0.0092817 0.0091937 0.0098125 0.0082805 0.0111999 0.0085657 0.0085974 0.0093565 0.0095241 0.0097435 0.0099124 0.0095736 0.0090568 0.0095140 0.0094269 0.0094330 0.0103684 0.0272567 0.0374936 0.0301641 
MH751949.1_Eimeria_ferrisi                     0.0000010 0.0000010 0.0086060 0.0086060 0.0007592 0.0010610 0.0009423 0.0000010 0.0000010 0.0009563 0.0018867 0.0000010 0.0018899 0.0007492 0.0000010 0.0009400 0.0007731 0.0018603 0.0022447 0.0000000 0.0017014 0.0009416 0.0008986 0.0000010 0.0010735 0.0007538 0.0000010 0.0007764 0.0007469 0.0000010 0.0007473 0.0000010 0.0000010 0.0000010 0.0015081 0.0000010 0.0007469 0.0000010 0.0010471 0.0007538 0.0007538 0.0007538 0.0015449 0.0007650 0.0007469 0.0015081 0.0009400 0.0007605 0.0008319 0.0007605 0.0007469 0.0016834 0.0010200 0.0015021 0.0039760 0.0007481 0.0007469 0.0007469 0.0010076 0.0007482 0.0007469 0.0017933 0.0007469 0.0007469 0.0007469 0.0037030 0.0047828 0.0023524 0.0043265 0.0016524 0.0007728 0.0000010 0.0038840 0.0000010 0.0000010 0.0032314 0.0000010 0.0007970 0.0007801 0.0008506 0.0000010 0.0116312 0.0104948 0.0104836 0.0106835 0.0124211 0.0105745 0.0081711 0.0126111 0.0157052 0.0113346 0.0129317 0.0116169 0.0119696 0.0121310 0.0105857 0.0136647 0.0109522 0.0109930 0.0117497 0.0095163 0.0088387 0.0091337 0.0095656 0.0098137 0.0095061 0.0102148 0.0102210 0.0111694 0.0281434 0.0384471 0.0326109 
MH751950.1_Eimeria_ferrisi                     0.0103634 0.0103634 0.0209745 0.0209745 0.0017014 0.0010610 0.0009448 0.0000010 0.0000010 0.0009563 0.0018929 0.0000010 0.0018949 0.0017063 0.0000010 0.0009438 0.0017107 0.0027942 0.0034093 0.0017014 0.0000000 0.0000010 0.0000010 0.0017026 0.0010735 0.0017014 0.0000010 0.0017207 0.0017014 0.0017084 0.0017014 0.0000010 0.0000010 0.0000010 0.0017014 0.0009194 0.0017014 0.0017014 0.0000010 0.0017014 0.0017014 0.0017014 0.0025632 0.0025533 0.0017014 0.0025533 0.0009438 0.0017014 0.0025605 0.0017014 0.0017014 0.0000010 0.0010200 0.0025683 0.0039760 0.0017046 0.0017014 0.0017014 0.0010076 0.0017047 0.0017014 0.0037255 0.0017014 0.0017014 0.0017014 0.0055709 0.0038446 0.0025533 0.0061303 0.0026400 0.0017014 0.0000010 0.0034111 0.0030755 0.0000010 0.0022147 0.0018665 0.0017084 0.0017167 0.0025685 0.0019488 0.0116623 0.0105225 0.0105112 0.0129356 0.0124539 0.0129231 0.0081711 0.0126582 0.0168635 0.0137910 0.0155601 0.0137910 0.0114599 0.0147090 0.0129385 0.0146675 0.0129231 0.0129356 0.0137910 0.0095484 0.0095703 0.0120533 0.0095909 0.0120533 0.0095381 0.0121369 0.0122016 0.0130576 0.0285090 0.0401707 0.0338921 
MH751953.1_Eimeria_ferrisi                     0.0000010 0.0000010 0.0000010 0.0000010 0.0009416 0.0010610 0.0009423 0.0000010 0.0000010 0.0009563 0.0028329 0.0009416 0.0018899 0.0009452 0.0000010 0.0018853 0.0009416 0.0019141 0.0028322 0.0009416 0.0000010 0.0000000 0.0009987 0.0009424 0.0010735 0.0009416 0.0009416 0.0009416 0.0009416 0.0009416 0.0009416 0.0000010 0.0000010 0.0000010 0.0009416 0.0009416 0.0009416 0.0009416 0.0011962 0.0009416 0.0009416 0.0009416 0.0018853 0.0018853 0.0009416 0.0018853 0.0018853 0.0009416 0.0009477 0.0009416 0.0009416 0.0009416 0.0010200 0.0018976 0.0039760 0.0009437 0.0009416 0.0009416 0.0010076 0.0009438 0.0009416 0.0020897 0.0009416 0.0009416 0.0009416 0.0038634 0.0051104 0.0018853 0.0000010 0.0018853 0.0009416 0.0000010 0.0028340 0.0000010 0.0009460 0.0033132 0.0000010 0.0009416 0.0009416 0.0018853 0.0000010 0.0116312 0.0104948 0.0104948 0.0114527 0.0124211 0.0114403 0.0081711 0.0136784 0.0182077 0.0123997 0.0133820 0.0123997 0.0123997 0.0134105 0.0114553 0.0133679 0.0114403 0.0114527 0.0123997 0.0104791 0.0105145 0.0104791 0.0095656 0.0104791 0.0104791 0.0104791 0.0105268 0.0114477 0.0294229 0.0384554 0.0351863 
MH751954.1_Eimeria_ferrisi                     0.0000010 0.0000010 0.0000010 0.0000010 0.0000010 0.0010610 0.0009988 0.0000010 0.0000010 0.0010104 0.0019985 0.0000010 0.0020003 0.0000026 0.0000010 0.0009981 0.0000010 0.0020309 0.0017978 0.0008986 0.0000010 0.0009987 0.0000000 0.0008992 0.0010735 0.0000010 0.0000010 0.0000010 0.0000010 0.0009095 0.0000010 0.0000010 0.0000010 0.0000010 0.0000010 0.0009262 0.0000010 0.0008986 0.0000010 0.0000010 0.0000010 0.0000010 0.0008981 0.0017980 0.0000010 0.0008981 0.0009981 0.0000010 0.0010048 0.0000010 0.0000010 0.0018237 0.0010282 0.0009036 0.0039760 0.0000010 0.0000010 0.0000010 0.0010093 0.0000010 0.0000010 0.0022289 0.0000010 0.0000010 0.0000010 0.0021772 0.0035822 0.0018897 0.0000010 0.0009339 0.0000010 0.0000010 0.0037377 0.0000010 0.0000010 0.0021516 0.0000010 0.0000010 0.0000010 0.0009968 0.0000010 0.0121522 0.0111336 0.0111336 0.0099964 0.0131679 0.0099857 0.0082456 0.0126111 0.0145146 0.0108993 0.0118318 0.0110222 0.0116955 0.0118552 0.0099984 0.0136021 0.0103432 0.0103897 0.0113016 0.0100939 0.0102750 0.0099891 0.0101297 0.0090717 0.0100939 0.0090717 0.0091110 0.0101041 0.0278517 0.0366003 0.0303862 
MH751955.1_Eimeria_ferrisi                     0.0000010 0.0000010 0.0093434 0.0093434 0.0007620 0.0010620 0.0009430 0.0000010 0.0000010 0.0009570 0.0018881 0.0000010 0.0018914 0.0007606 0.0000010 0.0009408 0.0007736 0.0018617 0.0022800 0.0000010 0.0017026 0.0009424 0.0008992 0.0000000 0.0010744 0.0007587 0.0000010 0.0007780 0.0007587 0.0000010 0.0007587 0.0000010 0.0000010 0.0000010 0.0007587 0.0000010 0.0007587 0.0000010 0.0010497 0.0007587 0.0007587 0.0007587 0.0015478 0.0007654 0.0007587 0.0015179 0.0009408 0.0007619 0.0008369 0.0007619 0.0007587 0.0016845 0.0010208 0.0015259 0.0039802 0.0007599 0.0007587 0.0007587 0.0010085 0.0007600 0.0007587 0.0018236 0.0007587 0.0007587 0.0007587 0.0037086 0.0047874 0.0023883 0.0044493 0.0016535 0.0007844 0.0000010 0.0039426 0.0000010 0.0000010 0.0032342 0.0000010 0.0007976 0.0007805 0.0008512 0.0000010 0.0116402 0.0105029 0.0104916 0.0107524 0.0124306 0.0107431 0.0081778 0.0126208 0.0157204 0.0115153 0.0131228 0.0116784 0.0119784 0.0123248 0.0107545 0.0138774 0.0111188 0.0111608 0.0119287 0.0095235 0.0088451 0.0091921 0.0095730 0.0099697 0.0095134 0.0102212 0.0102402 0.0111765 0.0282030 0.0390829 0.0327059 
MH751958.1_Eimeria_ferrisi                     0.0000010 0.0000010 0.0000010 0.0000010 0.0010735 0.0000010 0.0000010 0.0010735 0.0010735 0.0000010 0.0010739 0.0010735 0.0010743 0.0010775 0.0010757 0.0000010 0.0010735 0.0032349 0.0000020 0.0010735 0.0010735 0.0010735 0.0010735 0.0010744 0.0000000 0.0010735 0.0010735 0.0010735 0.0010735 0.0010735 0.0010735 0.0010735 0.0010735 0.0010735 0.0010735 0.0010735 0.0010735 0.0010735 0.0012924 0.0010735 0.0010735 0.0010735 0.0000010 0.0000010 0.0010735 0.0000010 0.0000010 0.0010735 0.0000010 0.0010735 0.0010735 0.0010735 0.0021815 0.0021644 0.0026519 0.0010760 0.0010735 0.0010735 0.0000010 0.0010761 0.0010735 0.0033796 0.0010735 0.0010735 0.0010735 0.0000010 0.0027704 0.0000010 0.0021356 0.0000010 0.0010735 0.0011677 0.0010735 0.0021532 0.0010735 0.0011841 0.0010735 0.0010735 0.0010735 0.0000010 0.0011260 0.0086844 0.0075945 0.0075945 0.0075945 0.0097723 0.0075853 0.0076038 0.0089675 0.0121999 0.0086739 0.0097818 0.0086739 0.0086739 0.0098051 0.0075966 0.0097701 0.0075853 0.0075945 0.0086739 0.0086739 0.0086890 0.0086739 0.0086996 0.0086739 0.0086739 0.0086739 0.0087188 0.0097735 0.0289106 0.0382847 0.0337980 
MH751959.1_Eimeria_ferrisi                     0.0000010 0.0000010 0.0090886 0.0090886 0.0000010 0.0010610 0.0009423 0.0000010 0.0000010 0.0009563 0.0018867 0.0000010 0.0018899 0.0000023 0.0000010 0.0009400 0.0000010 0.0018603 0.0015088 0.0007538 0.0017014 0.0009416 0.0000010 0.0007587 0.0010735 0.0000000 0.0000010 0.0000010 0.0000010 0.0007848 0.0000010 0.0000010 0.0000010 0.0000010 0.0000010 0.0008549 0.0000010 0.0007538 0.0000010 0.0000010 0.0000010 0.0000010 0.0007668 0.0015314 0.0000010 0.0007494 0.0009400 0.0000010 0.0008319 0.0000010 0.0000010 0.0025282 0.0010200 0.0007533 0.0039760 0.0000010 0.0000010 0.0000010 0.0010076 0.0000010 0.0000010 0.0018133 0.0000010 0.0000010 0.0000010 0.0037030 0.0035822 0.0015822 0.0044049 0.0008255 0.0000010 0.0000010 0.0031337 0.0000010 0.0000010 0.0021516 0.0000010 0.0000010 0.0000010 0.0008506 0.0000010 0.0116312 0.0104948 0.0104836 0.0098575 0.0124211 0.0098491 0.0081711 0.0126111 0.0144768 0.0106110 0.0122754 0.0108327 0.0110372 0.0114072 0.0098594 0.0129775 0.0102589 0.0102982 0.0110634 0.0095163 0.0097360 0.0098636 0.0095656 0.0090858 0.0095061 0.0094209 0.0093733 0.0103617 0.0279665 0.0386025 0.0323301 
MH751961.1_Eimeria_ferrisi                     0.0000010 0.0000010 0.0000010 0.0000010 0.0000010 0.0010610 0.0009423 0.0000010 0.0000010 0.0009563 0.0018867 0.0000010 0.0018899 0.0000028 0.0000010 0.0009400 0.0000010 0.0019120 0.0018842 0.0000010 0.0000010 0.0009416 0.0000010 0.0000010 0.0010735 0.0000010 0.0000000 0.0000010 0.0000010 0.0000010 0.0000010 0.0000010 0.0000010 0.0000010 0.0000010 0.0000010 0.0000010 0.0000010 0.0000010 0.0000010 0.0000010 0.0000010 0.0009400 0.0009400 0.0000010 0.0009400 0.0009400 0.0000010 0.0009466 0.0000010 0.0000010 0.0000010 0.0010200 0.0009458 0.0039760 0.0000010 0.0000010 0.0000010 0.0010076 0.0000010 0.0000010 0.0020872 0.0000010 0.0000010 0.0000010 0.0038550 0.0038267 0.0009400 0.0000010 0.0009400 0.0000010 0.0000010 0.0018854 0.0000010 0.0000010 0.0022062 0.0000010 0.0000010 0.0000010 0.0009400 0.0000010 0.0116312 0.0104948 0.0104836 0.0104758 0.0124211 0.0104645 0.0081711 0.0126111 0.0167802 0.0114215 0.0123997 0.0114215 0.0114215 0.0124258 0.0104783 0.0123867 0.0104645 0.0104758 0.0114215 0.0095163 0.0095381 0.0095061 0.0095656 0.0095061 0.0095061 0.0095061 0.0095492 0.0104713 0.0284103 0.0373860 0.0337239 
MH751962.1_Eimeria_ferrisi                     0.0000010 0.0000010 0.0110812 0.0110812 0.0000010 0.0010610 0.0009423 0.0000010 0.0000010 0.0009563 0.0018867 0.0000010 0.0018899 0.0000024 0.0000010 0.0009400 0.0000010 0.0018603 0.0015550 0.0007764 0.0017207 0.0009416 0.0000010 0.0007780 0.0010735 0.0000010 0.0000010 0.0000000 0.0000010 0.0007900 0.0000010 0.0000010 0.0000010 0.0000010 0.0000010 0.0008549 0.0000010 0.0007764 0.0000010 0.0000010 0.0000010 0.0000010 0.0007661 0.0015614 0.0000010 0.0007720 0.0009400 0.0000010 0.0008610 0.0000010 0.0000010 0.0025282 0.0010200 0.0007700 0.0039760 0.0000010 0.0000010 0.0000010 0.0010076 0.0000010 0.0000010 0.0018807 0.0000010 0.0000010 0.0000010 0.0037030 0.0035822 0.0016330 0.0015550 0.0008255 0.0000010 0.0000010 0.0032348 0.0000010 0.0000010 0.0021516 0.0000010 0.0000010 0.0000010 0.0008550 0.0000010 0.0116312 0.0104948 0.0104836 0.0100885 0.0124211 0.0101535 0.0081711 0.0126111 0.0144768 0.0108599 0.0126596 0.0111748 0.0110372 0.0116751 0.0100905 0.0134077 0.0105898 0.0106312 0.0114196 0.0095163 0.0097360 0.0101691 0.0095656 0.0092989 0.0095061 0.0094594 0.0093330 0.0103776 0.0277410 0.0368373 0.0319741 
MH751963.1_Eimeria_ferrisi                     0.0000010 0.0000010 0.0084501 0.0084501 0.0000010 0.0010610 0.0009423 0.0000010 0.0000010 0.0009563 0.0018867 0.0000010 0.0018899 0.0000023 0.0000010 0.0009400 0.0000010 0.0018603 0.0014901 0.0007469 0.0017014 0.0009416 0.0000010 0.0007587 0.0010735 0.0000010 0.0000010 0.0000010 0.0000000 0.0007848 0.0000010 0.0000010 0.0000010 0.0000010 0.0007380 0.0008549 0.0000010 0.0007469 0.0000010 0.0000010 0.0000010 0.0000010 0.0007611 0.0015314 0.0000010 0.0007494 0.0009400 0.0000010 0.0008319 0.0000010 0.0000010 0.0025282 0.0010200 0.0007327 0.0039760 0.0000010 0.0000010 0.0000010 0.0010076 0.0007320 0.0000010 0.0017864 0.0000010 0.0000010 0.0000010 0.0037030 0.0035822 0.0015616 0.0042999 0.0008255 0.0000010 0.0000010 0.0030932 0.0000010 0.0000010 0.0021516 0.0000010 0.0000010 0.0000010 0.0008506 0.0000010 0.0116312 0.0104948 0.0104836 0.0097493 0.0124211 0.0097266 0.0081711 0.0126111 0.0144768 0.0104065 0.0121207 0.0108327 0.0110372 0.0110930 0.0095886 0.0128048 0.0101259 0.0101643 0.0109199 0.0095163 0.0097360 0.0098636 0.0095656 0.0089042 0.0095061 0.0094209 0.0092246 0.0103617 0.0274716 0.0375022 0.0315511 
MH751965.1_Eimeria_ferrisi                     0.0000010 0.0000010 0.0105932 0.0105932 0.0007848 0.0010610 0.0009423 0.0000010 0.0000010 0.0009563 0.0018867 0.0000010 0.0018899 0.0007865 0.0000010 0.0009400 0.0007858 0.0018603 0.0023585 0.0000010 0.0017084 0.0009416 0.0009095 0.0000010 0.0010735 0.0007848 0.0000010 0.0007900 0.0007848 0.0000000 0.0007848 0.0000010 0.0000010 0.0000010 0.0007848 0.0000010 0.0007848 0.0000010 0.0010705 0.0007848 0.0007848 0.0007848 0.0015703 0.0007842 0.0007848 0.0015703 0.0009400 0.0007848 0.0008548 0.0007848 0.0007848 0.0016834 0.0010200 0.0015781 0.0039760 0.0007861 0.0007848 0.0007848 0.0010076 0.0007862 0.0007848 0.0018659 0.0007848 0.0007848 0.0007848 0.0037030 0.0047828 0.0024358 0.0015351 0.0016524 0.0007994 0.0000010 0.0040201 0.0000010 0.0000010 0.0032314 0.0000010 0.0007970 0.0007883 0.0008506 0.0000010 0.0116312 0.0104948 0.0104836 0.0111263 0.0124211 0.0111164 0.0081711 0.0126111 0.0160060 0.0119155 0.0135407 0.0119155 0.0119696 0.0127547 0.0111286 0.0141606 0.0113388 0.0113822 0.0121646 0.0095163 0.0088387 0.0095112 0.0095656 0.0103149 0.0095061 0.0103410 0.0103915 0.0111794 0.0268385 0.0360255 0.0309130 
MH751966.1_Eimeria_ferrisi                     0.0000010 0.0000010 0.0084102 0.0084102 0.0000010 0.0010610 0.0009423 0.0000010 0.0000010 0.0009563 0.0018867 0.0000010 0.0018899 0.0000023 0.0000010 0.0009400 0.0000010 0.0018603 0.0014910 0.0007473 0.0017014 0.0009416 0.0000010 0.0007587 0.0010735 0.0000010 0.0000010 0.0000010 0.0000010 0.0007848 0.0000000 0.0000010 0.0000010 0.0000010 0.0007539 0.0008549 0.0000010 0.0007473 0.0000010 0.0000010 0.0000010 0.0000010 0.0007723 0.0015314 0.0000010 0.0007539 0.0009400 0.0000010 0.0008319 0.0000010 0.0000010 0.0025282 0.0010200 0.0007477 0.0039760 0.0000010 0.0000010 0.0000010 0.0010076 0.0000010 0.0000010 0.0017846 0.0000010 0.0000010 0.0000010 0.0037030 0.0035822 0.0015602 0.0042930 0.0008255 0.0000010 0.0000010 0.0030905 0.0000010 0.0000010 0.0021516 0.0000010 0.0000010 0.0000010 0.0008506 0.0000010 0.0116312 0.0104948 0.0104836 0.0099176 0.0124211 0.0097769 0.0081711 0.0126111 0.0144768 0.0105332 0.0121105 0.0108327 0.0110372 0.0113232 0.0097870 0.0127933 0.0101179 0.0101554 0.0109103 0.0095163 0.0097360 0.0099119 0.0095656 0.0090557 0.0095061 0.0094209 0.0094321 0.0103617 0.0272550 0.0374916 0.0313884 
MH751967.1_Eimeria_ferrisi                     0.0000010 0.0000010 0.0000010 0.0000010 0.0000010 0.0010636 0.0010080 0.0000010 0.0000010 0.0010127 0.0020186 0.0000010 0.0020193 0.0000029 0.0000010 0.0010080 0.0000010 0.0020356 0.0020197 0.0000010 0.0000010 0.0000010 0.0000010 0.0000010 0.0010735 0.0000010 0.0000010 0.0000010 0.0000010 0.0000010 0.0000010 0.0000000 0.0000010 0.0000010 0.0000010 0.0000010 0.0000010 0.0000010 0.0000010 0.0000010 0.0000010 0.0000010 0.0010080 0.0010080 0.0000010 0.0010080 0.0010080 0.0000010 0.0010080 0.0000010 0.0000010 0.0000010 0.0010314 0.0010149 0.0039760 0.0000010 0.0000010 0.0000010 0.0010116 0.0000010 0.0000010 0.0022347 0.0000010 0.0000010 0.0000010 0.0021879 0.0038652 0.0010080 0.0000010 0.0010080 0.0000010 0.0000010 0.0020210 0.0000010 0.0000010 0.0022246 0.0000010 0.0000010 0.0000010 0.0010080 0.0000010 0.0122657 0.0112376 0.0112376 0.0112376 0.0132909 0.0112247 0.0082647 0.0127138 0.0169621 0.0122516 0.0133029 0.0122516 0.0122516 0.0133329 0.0112405 0.0132880 0.0112247 0.0112376 0.0122516 0.0101960 0.0102127 0.0101960 0.0102245 0.0101960 0.0101960 0.0101960 0.0102456 0.0112325 0.0292679 0.0391214 0.0340909 
MH751968.1_Eimeria_ferrisi                     0.0000010 0.0000010 0.0000010 0.0000010 0.0000010 0.0010610 0.0009423 0.0000010 0.0000010 0.0009563 0.0018878 0.0000010 0.0018899 0.0000028 0.0000010 0.0009423 0.0000010 0.0019141 0.0018876 0.0000010 0.0000010 0.0000010 0.0000010 0.0000010 0.0010735 0.0000010 0.0000010 0.0000010 0.0000010 0.0000010 0.0000010 0.0000010 0.0000000 0.0000010 0.0000010 0.0000010 0.0000010 0.0000010 0.0000010 0.0000010 0.0000010 0.0000010 0.0009423 0.0009423 0.0000010 0.0009423 0.0009423 0.0000010 0.0009477 0.0000010 0.0000010 0.0000010 0.0010200 0.0009484 0.0039760 0.0000010 0.0000010 0.0000010 0.0010076 0.0000010 0.0000010 0.0020897 0.0000010 0.0000010 0.0000010 0.0038634 0.0038311 0.0009423 0.0000010 0.0009423 0.0000010 0.0000010 0.0018886 0.0000010 0.0000010 0.0022079 0.0000010 0.0000010 0.0000010 0.0009423 0.0000010 0.0116312 0.0104948 0.0104948 0.0104948 0.0124211 0.0104834 0.0081711 0.0126215 0.0167985 0.0114420 0.0124218 0.0114420 0.0114420 0.0124484 0.0104972 0.0124087 0.0104834 0.0104948 0.0114420 0.0095233 0.0095554 0.0095233 0.0095656 0.0095233 0.0095233 0.0095233 0.0095666 0.0104902 0.0284322 0.0374562 0.0337613 
MH751969.1_Eimeria_ferrisi                     0.0000010 0.0000010 0.0000010 0.0000010 0.0000010 0.0010610 0.0009517 0.0000010 0.0000010 0.0009563 0.0019055 0.0000010 0.0019066 0.0000028 0.0000010 0.0009517 0.0000010 0.0019221 0.0019064 0.0000010 0.0000010 0.0000010 0.0000010 0.0000010 0.0010735 0.0000010 0.0000010 0.0000010 0.0000010 0.0000010 0.0000010 0.0000010 0.0000010 0.0000000 0.0000010 0.0000010 0.0000010 0.0000010 0.0000010 0.0000010 0.0000010 0.0000010 0.0009517 0.0009517 0.0000010 0.0009517 0.0009517 0.0000010 0.0009517 0.0000010 0.0000010 0.0000010 0.0010200 0.0009580 0.0039760 0.0000010 0.0000010 0.0000010 0.0010076 0.0000010 0.0000010 0.0020986 0.0000010 0.0000010 0.0000010 0.0019415 0.0038613 0.0009517 0.0000010 0.0009517 0.0000010 0.0000010 0.0019068 0.0000010 0.0000010 0.0022227 0.0000010 0.0000010 0.0000010 0.0009517 0.0000010 0.0117006 0.0106006 0.0106006 0.0106006 0.0125369 0.0105883 0.0081711 0.0127032 0.0169432 0.0115578 0.0125481 0.0115578 0.0115578 0.0125743 0.0106024 0.0125348 0.0105883 0.0106006 0.0115578 0.0096188 0.0096516 0.0096188 0.0096621 0.0096188 0.0096188 0.0096188 0.0096633 0.0105953 0.0276024 0.0378449 0.0340527 
