113
MarkN_10_F.Euk360_CR_21_R_ASV_1         0.0000000 0.0029878 0.0029878 0.0029783 0.0090018 0.0000010 0.0000010 0.0000010 0.0000010 0.0000010 0.0000010 0.0000010 0.0000010 0.0000010 0.0000010 0.0000010 0.0000010 0.0000010 0.0000010 0.0000010 0.0000010 0.0104165 0.0000010 0.0000010 0.0000010 0.0000010 0.0000010 0.0000010 0.0000010 0.0000010 0.0000010 0.0000010 0.0000010 0.0000010 0.0000010 0.0045173 0.0000010 0.0000010 0.0000010 0.0000010 0.0000010 0.0000010 0.0000010 0.0000010 0.0000010 0.0000010 0.0000010 0.0000010 0.0000010 0.0000010 0.0000010 0.0000010 0.0094794 0.0000010 0.0000010 0.0000010 0.0000010 0.0000010 0.0000010 0.0000010 0.0000010 0.0000010 0.0000010 0.0000010 0.0000010 0.0000010 0.0103956 0.0000010 0.0000010 0.0108466 0.0000010 0.0032709 0.0000010 0.0000010 0.0000010 0.0000010 0.0000010 0.0000010 0.0000010 0.0000010 0.0000010 0.0000010 0.0000010 0.0000010 0.0000010 0.0091171 0.0000010 0.0084348 0.0000010 0.0000010 0.0000010 0.0084348 0.0119615 0.0091171 0.0000010 0.0081015 0.0081015 0.0077531 0.0071128 0.0070930 0.0070162 0.0000010 0.0000010 0.0091171 0.0000010 0.0086307 0.0000010 0.0108187 0.0109013 0.0110157 0.0000010 0.0355781 0.0000010 
MarkN_10_F.Euk360_CR_21_R_ASV_2         0.0029878 0.0000000 0.0029878 0.0029878 0.0090308 0.0000010 0.0000010 0.0000010 0.0000010 0.0000010 0.0000010 0.0000010 0.0000010 0.0000010 0.0000010 0.0000010 0.0000010 0.0000010 0.0000010 0.0000010 0.0000010 0.0104165 0.0000010 0.0000010 0.0000010 0.0000010 0.0000010 0.0000010 0.0000010 0.0000010 0.0000010 0.0000010 0.0000010 0.0000010 0.0000010 0.0045173 0.0000010 0.0000010 0.0000010 0.0000010 0.0000010 0.0000010 0.0000010 0.0000010 0.0000010 0.0000010 0.0000010 0.0000010 0.0000010 0.0000010 0.0000010 0.0000010 0.0094794 0.0000010 0.0000010 0.0000010 0.0000010 0.0000010 0.0000010 0.0000010 0.0000010 0.0000010 0.0000010 0.0000010 0.0000010 0.0000010 0.0103956 0.0000010 0.0000010 0.0108466 0.0000010 0.0032709 0.0000010 0.0000010 0.0000010 0.0000010 0.0000010 0.0000010 0.0000010 0.0000010 0.0000010 0.0000010 0.0000010 0.0000010 0.0000010 0.0091171 0.0000010 0.0084348 0.0000010 0.0000010 0.0000010 0.0084348 0.0119615 0.0091171 0.0000010 0.0081015 0.0081015 0.0077531 0.0071128 0.0070930 0.0070162 0.0000010 0.0000010 0.0091171 0.0000010 0.0086307 0.0000010 0.0108187 0.0109013 0.0110157 0.0000010 0.0355781 0.0000010 
MarkN_10_F.Euk360_CR_21_R_ASV_3         0.0029878 0.0029878 0.0000000 0.0029878 0.0090308 0.0000010 0.0000010 0.0000010 0.0000010 0.0000010 0.0000010 0.0000010 0.0000010 0.0000010 0.0000010 0.0000010 0.0000010 0.0000010 0.0000010 0.0000010 0.0000010 0.0104165 0.0000010 0.0000010 0.0000010 0.0000010 0.0000010 0.0000010 0.0000010 0.0000010 0.0000010 0.0000010 0.0000010 0.0000010 0.0000010 0.0045173 0.0000010 0.0000010 0.0000010 0.0000010 0.0000010 0.0000010 0.0000010 0.0000010 0.0000010 0.0000010 0.0000010 0.0000010 0.0000010 0.0000010 0.0000010 0.0000010 0.0094794 0.0000010 0.0000010 0.0000010 0.0000010 0.0000010 0.0000010 0.0000010 0.0000010 0.0000010 0.0000010 0.0000010 0.0000010 0.0000010 0.0103956 0.0000010 0.0000010 0.0108466 0.0000010 0.0032709 0.0000010 0.0000010 0.0000010 0.0000010 0.0000010 0.0000010 0.0000010 0.0000010 0.0000010 0.0000010 0.0000010 0.0000010 0.0000010 0.0091171 0.0000010 0.0084348 0.0000010 0.0000010 0.0000010 0.0084348 0.0119615 0.0091171 0.0000010 0.0081015 0.0081015 0.0077531 0.0071128 0.0070930 0.0070162 0.0000010 0.0000010 0.0091171 0.0000010 0.0086307 0.0000010 0.0108187 0.0109013 0.0110157 0.0000010 0.0355781 0.0000010 
MarkN_10_F.Euk360_CR_21_R_ASV_4         0.0029783 0.0029878 0.0029878 0.0000000 0.0059910 0.0000010 0.0000010 0.0000010 0.0000010 0.0000010 0.0000010 0.0000010 0.0000010 0.0000010 0.0000010 0.0000010 0.0000010 0.0000010 0.0000010 0.0000010 0.0000010 0.0104165 0.0000010 0.0000010 0.0000010 0.0000010 0.0000010 0.0000010 0.0000010 0.0000010 0.0000010 0.0000010 0.0000010 0.0000010 0.0000010 0.0045173 0.0000010 0.0000010 0.0000010 0.0000010 0.0000010 0.0000010 0.0000010 0.0000010 0.0000010 0.0000010 0.0000010 0.0000010 0.0000010 0.0000010 0.0000010 0.0000010 0.0094794 0.0000010 0.0000010 0.0000010 0.0000010 0.0000010 0.0000010 0.0000010 0.0000010 0.0000010 0.0000010 0.0000010 0.0000010 0.0000010 0.0103956 0.0000010 0.0000010 0.0108466 0.0000010 0.0032709 0.0000010 0.0000010 0.0000010 0.0000010 0.0000010 0.0000010 0.0000010 0.0000010 0.0000010 0.0000010 0.0000010 0.0000010 0.0000010 0.0091171 0.0000010 0.0084348 0.0000010 0.0000010 0.0000010 0.0084348 0.0119615 0.0091171 0.0000010 0.0081015 0.0081015 0.0077531 0.0071128 0.0070930 0.0070162 0.0000010 0.0000010 0.0091171 0.0000010 0.0086307 0.0000010 0.0108187 0.0109013 0.0110157 0.0000010 0.0355781 0.0000010 
MarkN_10_F.Euk360_CR_21_R_ASV_5         0.0090018 0.0090308 0.0090308 0.0059910 0.0000000 0.0091976 0.0000010 0.0000010 0.0000010 0.0000010 0.0000010 0.0000010 0.0000010 0.0000010 0.0084753 0.0000010 0.0000010 0.0107300 0.0000010 0.0084753 0.0086307 0.0211083 0.0000010 0.0000010 0.0093736 0.0000010 0.0091171 0.0000010 0.0111325 0.0084753 0.0106420 0.0084348 0.0000010 0.0000010 0.0000010 0.0137081 0.0000010 0.0084348 0.0086307 0.0000010 0.0091171 0.0091171 0.0091171 0.0106420 0.0097891 0.0086307 0.0091171 0.0000010 0.0096336 0.0091171 0.0096336 0.0086307 0.0094794 0.0000010 0.0082550 0.0000010 0.0085723 0.0084348 0.0084348 0.0000010 0.0085723 0.0084348 0.0081015 0.0081015 0.0081015 0.0081266 0.0103956 0.0000010 0.0069636 0.0182445 0.0129666 0.0098945 0.0000010 0.0070162 0.0070162 0.0000010 0.0000010 0.0136244 0.0106420 0.0109691 0.0107736 0.0137702 0.0000010 0.0000010 0.0000010 0.0000010 0.0000010 0.0000010 0.0000010 0.0000010 0.0000010 0.0000010 0.0039571 0.0000010 0.0000010 0.0000010 0.0000010 0.0000010 0.0000010 0.0000010 0.0000010 0.0000010 0.0000010 0.0000010 0.0000010 0.0000010 0.0000010 0.0000010 0.0000010 0.0000010 0.0000010 0.0439229 0.0000010 
MH751925.1_Eimeria_ferrisi              0.0000010 0.0000010 0.0000010 0.0000010 0.0091976 0.0000000 0.0010614 0.0009426 0.0000010 0.0000010 0.0009567 0.0018875 0.0000010 0.0018907 0.0000023 0.0000010 0.0009403 0.0000010 0.0018614 0.0015196 0.0007592 0.0017022 0.0009421 0.0000010 0.0007621 0.0010738 0.0000010 0.0000010 0.0000010 0.0000010 0.0007850 0.0000010 0.0000010 0.0000010 0.0000010 0.0000010 0.0008551 0.0000010 0.0007592 0.0000010 0.0000010 0.0000010 0.0000010 0.0007763 0.0015347 0.0000010 0.0007588 0.0009403 0.0000010 0.0008334 0.0000010 0.0000010 0.0025295 0.0010206 0.0007628 0.0039779 0.0000010 0.0000010 0.0000010 0.0010080 0.0000010 0.0000010 0.0018171 0.0000010 0.0000010 0.0000010 0.0037037 0.0035827 0.0015848 0.0044155 0.0008256 0.0000010 0.0000010 0.0031399 0.0000010 0.0000010 0.0021520 0.0000010 0.0000010 0.0000010 0.0008507 0.0000010 0.0116481 0.0105090 0.0104977 0.0099929 0.0124383 0.0099838 0.0081819 0.0126275 0.0145310 0.0107567 0.0123286 0.0108595 0.0110509 0.0115659 0.0099947 0.0130148 0.0102850 0.0103248 0.0110918 0.0095288 0.0097484 0.0099874 0.0095780 0.0092103 0.0095185 0.0094464 0.0094924 0.0103743 0.0265831 0.0376071 0.0304652 
MH751927.1_Eimeria_ferrisi              0.0000010 0.0000010 0.0000010 0.0000010 0.0000010 0.0010614 0.0000000 0.0000010 0.0010614 0.0010614 0.0000010 0.0010619 0.0010614 0.0010623 0.0010652 0.0010648 0.0000010 0.0010614 0.0031991 0.0000020 0.0010614 0.0010614 0.0010614 0.0010614 0.0010623 0.0000010 0.0010614 0.0010614 0.0010614 0.0010614 0.0010614 0.0010614 0.0010639 0.0010614 0.0010614 0.0010614 0.0010614 0.0010614 0.0010614 0.0012867 0.0010614 0.0010614 0.0010614 0.0000010 0.0000010 0.0010614 0.0000010 0.0000010 0.0010614 0.0000010 0.0010614 0.0010614 0.0010614 0.0021567 0.0021399 0.0026490 0.0010638 0.0010614 0.0010614 0.0000010 0.0010639 0.0010614 0.0033490 0.0010614 0.0010614 0.0010614 0.0000010 0.0027575 0.0000010 0.0020955 0.0000010 0.0010614 0.0011633 0.0010614 0.0021125 0.0010614 0.0011797 0.0010639 0.0010614 0.0010614 0.0000010 0.0011149 0.0085924 0.0075139 0.0075139 0.0075139 0.0096689 0.0075047 0.0075230 0.0089443 0.0121515 0.0085819 0.0096794 0.0085819 0.0085819 0.0097024 0.0075160 0.0096678 0.0075047 0.0075139 0.0085819 0.0085819 0.0085965 0.0085819 0.0086070 0.0085819 0.0085819 0.0085819 0.0086265 0.0096714 0.0286923 0.0379919 0.0337283 
MH751928.1_Eimeria_ferrisi              0.0000010 0.0000010 0.0000010 0.0000010 0.0000010 0.0009426 0.0000010 0.0000000 0.0009426 0.0009426 0.0000010 0.0009437 0.0009426 0.0009447 0.0009457 0.0009485 0.0000010 0.0009426 0.0028748 0.0009433 0.0009426 0.0009451 0.0009426 0.0009991 0.0009433 0.0000010 0.0009426 0.0009426 0.0009426 0.0009426 0.0009426 0.0009426 0.0010083 0.0009426 0.0009521 0.0009426 0.0009426 0.0009426 0.0009426 0.0011963 0.0009426 0.0009426 0.0009426 0.0000010 0.0000010 0.0009426 0.0000010 0.0000010 0.0009426 0.0000010 0.0009426 0.0009426 0.0009426 0.0020426 0.0018988 0.0026490 0.0009445 0.0009426 0.0009426 0.0000010 0.0009446 0.0009426 0.0031379 0.0009426 0.0009426 0.0009426 0.0019293 0.0025510 0.0000010 0.0018617 0.0000010 0.0009426 0.0011296 0.0028364 0.0018750 0.0009463 0.0011033 0.0010000 0.0009426 0.0009426 0.0000010 0.0010456 0.0106682 0.0095461 0.0095461 0.0095461 0.0114724 0.0095357 0.0071531 0.0115753 0.0154021 0.0104948 0.0114749 0.0104948 0.0104948 0.0114993 0.0095484 0.0114628 0.0095357 0.0095461 0.0104948 0.0104948 0.0105300 0.0104948 0.0105414 0.0104948 0.0104948 0.0104948 0.0105432 0.0114665 0.0295242 0.0386310 0.0353035 
MH751929.1_Eimeria_ferrisi              0.0000010 0.0000010 0.0000010 0.0000010 0.0000010 0.0000010 0.0010614 0.0009426 0.0000000 0.0000010 0.0009567 0.0018886 0.0000010 0.0018907 0.0000028 0.0000010 0.0009416 0.0000010 0.0019134 0.0018863 0.0000010 0.0000010 0.0000010 0.0000010 0.0000010 0.0010738 0.0000010 0.0000010 0.0000010 0.0000010 0.0000010 0.0000010 0.0000010 0.0000010 0.0000010 0.0000010 0.0000010 0.0000010 0.0000010 0.0000010 0.0000010 0.0000010 0.0000010 0.0009416 0.0009416 0.0000010 0.0009416 0.0009416 0.0000010 0.0009470 0.0000010 0.0000010 0.0000010 0.0010206 0.0009478 0.0039779 0.0000010 0.0000010 0.0000010 0.0010080 0.0000010 0.0000010 0.0020887 0.0000010 0.0000010 0.0000010 0.0038564 0.0038314 0.0009416 0.0000010 0.0009416 0.0000010 0.0000010 0.0018876 0.0000010 0.0000010 0.0022085 0.0000010 0.0000010 0.0000010 0.0009416 0.0000010 0.0116481 0.0105090 0.0104977 0.0104977 0.0124383 0.0104861 0.0081819 0.0126387 0.0168220 0.0114453 0.0124272 0.0114453 0.0114453 0.0124539 0.0105001 0.0124140 0.0104861 0.0104977 0.0114453 0.0095357 0.0095573 0.0095254 0.0095780 0.0095254 0.0095254 0.0095254 0.0095692 0.0104942 0.0285245 0.0375781 0.0338644 
MH751930.1_Eimeria_ferrisi              0.0000010 0.0000010 0.0000010 0.0000010 0.0000010 0.0000010 0.0010614 0.0009426 0.0000010 0.0000000 0.0009567 0.0018886 0.0000010 0.0018907 0.0000028 0.0000010 0.0009416 0.0000010 0.0019134 0.0018863 0.0000010 0.0000010 0.0000010 0.0000010 0.0000010 0.0010738 0.0000010 0.0000010 0.0000010 0.0000010 0.0000010 0.0000010 0.0000010 0.0000010 0.0000010 0.0000010 0.0000010 0.0000010 0.0000010 0.0000010 0.0000010 0.0000010 0.0000010 0.0009416 0.0009416 0.0000010 0.0009416 0.0009416 0.0000010 0.0009470 0.0000010 0.0000010 0.0000010 0.0010206 0.0009478 0.0039779 0.0000010 0.0000010 0.0000010 0.0010080 0.0000010 0.0000010 0.0020887 0.0000010 0.0000010 0.0000010 0.0038564 0.0038314 0.0009416 0.0000010 0.0009416 0.0000010 0.0000010 0.0018876 0.0000010 0.0000010 0.0022085 0.0000010 0.0000010 0.0000010 0.0009416 0.0000010 0.0116481 0.0105090 0.0104977 0.0104977 0.0124383 0.0104861 0.0081819 0.0126387 0.0168220 0.0114453 0.0124272 0.0114453 0.0114453 0.0124539 0.0105001 0.0124140 0.0104861 0.0104977 0.0114453 0.0095357 0.0095573 0.0095254 0.0095780 0.0095254 0.0095254 0.0095254 0.0095692 0.0104942 0.0285245 0.0375781 0.0338644 
MH751932.1_Eimeria_ferrisi              0.0000010 0.0000010 0.0000010 0.0000010 0.0000010 0.0009567 0.0000010 0.0000010 0.0009567 0.0009567 0.0000000 0.0009571 0.0009567 0.0009582 0.0009600 0.0009621 0.0000010 0.0009567 0.0028868 0.0000029 0.0009567 0.0009567 0.0009567 0.0010108 0.0009574 0.0000010 0.0009567 0.0009567 0.0009567 0.0009567 0.0009567 0.0009567 0.0010131 0.0009567 0.0009567 0.0009567 0.0009567 0.0009567 0.0009567 0.0012131 0.0009567 0.0009567 0.0009567 0.0000010 0.0000010 0.0009567 0.0000010 0.0000010 0.0009567 0.0000010 0.0009567 0.0009567 0.0009567 0.0020426 0.0019277 0.0026490 0.0009587 0.0009567 0.0009567 0.0000010 0.0009588 0.0009567 0.0031524 0.0009567 0.0009567 0.0009567 0.0000010 0.0025890 0.0000010 0.0018768 0.0000010 0.0009567 0.0011296 0.0028795 0.0018904 0.0009567 0.0011175 0.0010042 0.0009567 0.0009567 0.0000010 0.0010503 0.0078254 0.0067666 0.0067666 0.0067666 0.0087066 0.0067588 0.0071531 0.0084963 0.0113391 0.0077292 0.0087155 0.0077292 0.0077292 0.0087337 0.0067680 0.0087062 0.0067588 0.0067666 0.0077292 0.0077292 0.0077545 0.0077292 0.0077631 0.0077292 0.0077292 0.0077292 0.0077650 0.0087091 0.0257942 0.0361252 0.0314512 
MH751933.1_Eimeria_ferrisi              0.0000010 0.0000010 0.0000010 0.0000010 0.0000010 0.0018875 0.0010619 0.0009437 0.0018886 0.0018886 0.0009571 0.0000000 0.0018875 0.0018915 0.0018931 0.0018992 0.0009426 0.0018875 0.0038405 0.0018891 0.0018875 0.0018938 0.0028345 0.0019993 0.0018889 0.0010744 0.0018875 0.0018875 0.0018875 0.0018875 0.0018875 0.0018875 0.0020196 0.0018886 0.0019065 0.0018875 0.0018875 0.0018875 0.0018875 0.0023942 0.0018875 0.0018875 0.0018875 0.0009426 0.0009426 0.0018875 0.0009426 0.0009426 0.0018875 0.0009492 0.0018875 0.0018875 0.0018875 0.0030680 0.0028515 0.0039802 0.0018914 0.0018875 0.0018875 0.0010084 0.0018916 0.0018875 0.0041938 0.0018875 0.0018875 0.0018875 0.0019321 0.0038293 0.0009426 0.0018644 0.0009426 0.0018875 0.0022628 0.0037864 0.0018777 0.0018938 0.0022078 0.0020039 0.0018875 0.0018875 0.0009426 0.0020956 0.0116532 0.0105213 0.0105213 0.0105136 0.0124437 0.0105022 0.0081857 0.0126335 0.0168147 0.0114630 0.0124466 0.0114630 0.0114630 0.0124729 0.0105162 0.0124334 0.0105022 0.0105136 0.0114630 0.0114630 0.0115015 0.0114630 0.0115223 0.0114630 0.0114630 0.0114630 0.0115159 0.0124375 0.0305240 0.0396727 0.0367436 
MH751935.1_Eimeria_ferrisi              0.0000010 0.0000010 0.0000010 0.0000010 0.0000010 0.0000010 0.0010614 0.0009426 0.0000010 0.0000010 0.0009567 0.0018875 0.0000000 0.0018907 0.0000028 0.0000010 0.0009414 0.0000010 0.0019155 0.0018869 0.0000010 0.0000010 0.0009421 0.0000010 0.0000010 0.0010738 0.0000010 0.0000010 0.0000010 0.0000010 0.0000010 0.0000010 0.0000010 0.0000010 0.0000010 0.0000010 0.0000010 0.0000010 0.0000010 0.0000010 0.0000010 0.0000010 0.0000010 0.0009414 0.0009414 0.0000010 0.0009414 0.0009414 0.0000010 0.0009480 0.0000010 0.0000010 0.0000010 0.0010206 0.0009474 0.0039779 0.0000010 0.0000010 0.0000010 0.0010080 0.0000010 0.0000010 0.0020912 0.0000010 0.0000010 0.0000010 0.0038648 0.0038272 0.0009414 0.0000010 0.0009414 0.0000010 0.0000010 0.0018885 0.0000010 0.0000010 0.0022068 0.0000010 0.0000010 0.0000010 0.0009414 0.0000010 0.0116481 0.0105090 0.0105090 0.0105013 0.0124383 0.0104899 0.0081819 0.0126275 0.0168039 0.0114496 0.0124320 0.0114496 0.0114496 0.0124582 0.0105039 0.0124188 0.0104899 0.0105013 0.0114496 0.0095288 0.0095606 0.0095288 0.0095780 0.0095288 0.0095288 0.0095288 0.0095725 0.0104979 0.0285028 0.0375908 0.0338274 
MH751936.1_Eimeria_ferrisi              0.0000010 0.0000010 0.0000010 0.0000010 0.0000010 0.0018907 0.0010623 0.0009447 0.0018907 0.0018907 0.0009582 0.0018915 0.0018907 0.0000000 0.0018969 0.0018998 0.0009447 0.0018907 0.0038448 0.0018925 0.0018907 0.0018958 0.0018907 0.0020011 0.0018922 0.0010748 0.0018907 0.0018907 0.0018907 0.0018907 0.0018907 0.0018907 0.0020203 0.0018907 0.0019077 0.0018907 0.0018907 0.0018907 0.0018907 0.0023967 0.0018907 0.0018907 0.0018907 0.0009447 0.0009447 0.0018907 0.0009447 0.0009447 0.0018907 0.0009502 0.0018907 0.0018907 0.0018907 0.0030691 0.0028566 0.0039821 0.0018947 0.0018907 0.0018907 0.0010088 0.0018949 0.0018907 0.0041988 0.0018907 0.0018907 0.0018907 0.0038825 0.0038353 0.0009447 0.0037456 0.0009447 0.0018907 0.0022637 0.0037933 0.0037726 0.0018973 0.0022104 0.0020063 0.0018907 0.0018907 0.0009447 0.0020972 0.0116571 0.0105328 0.0105328 0.0105328 0.0124572 0.0105212 0.0081886 0.0126494 0.0154021 0.0114837 0.0124690 0.0114837 0.0114837 0.0124957 0.0105353 0.0124557 0.0105212 0.0105328 0.0114837 0.0114837 0.0115136 0.0114837 0.0115261 0.0114837 0.0114837 0.0114837 0.0115370 0.0124598 0.0305813 0.0397478 0.0353035 
MH751938.1_Eimeria_ferrisi              0.0000010 0.0000010 0.0000010 0.0000010 0.0084753 0.0000023 0.0010652 0.0009457 0.0000028 0.0000028 0.0009600 0.0018931 0.0000028 0.0018969 0.0000000 0.0000028 0.0009440 0.0000024 0.0009322 0.0014936 0.0007492 0.0017071 0.0009456 0.0000026 0.0007606 0.0010779 0.0000023 0.0000028 0.0000024 0.0000023 0.0007867 0.0000023 0.0000029 0.0000028 0.0000028 0.0007558 0.0008577 0.0000023 0.0007492 0.0000028 0.0000023 0.0000023 0.0000023 0.0007740 0.0015362 0.0000023 0.0007558 0.0009440 0.0000023 0.0008348 0.0000023 0.0000023 0.0025366 0.0010221 0.0007501 0.0039960 0.0000023 0.0000023 0.0000023 0.0010116 0.0000023 0.0000023 0.0017924 0.0000023 0.0000023 0.0000023 0.0037279 0.0035975 0.0015659 0.0043193 0.0008279 0.0000023 0.0000020 0.0031031 0.0000021 0.0000028 0.0021599 0.0000027 0.0000024 0.0000024 0.0008527 0.0000027 0.0106957 0.0095698 0.0095594 0.0091758 0.0115009 0.0090531 0.0071723 0.0115967 0.0133133 0.0098117 0.0113918 0.0100825 0.0101464 0.0106030 0.0090626 0.0120371 0.0093701 0.0094053 0.0101645 0.0085900 0.0088760 0.0091711 0.0086343 0.0083200 0.0085807 0.0086566 0.0086676 0.0095898 0.0274192 0.0369172 0.0290954 
MH751939.1_Eimeria_ferrisi              0.0000010 0.0000010 0.0000010 0.0000010 0.0000010 0.0000010 0.0010648 0.0009485 0.0000010 0.0000010 0.0009621 0.0018992 0.0000010 0.0018998 0.0000028 0.0000000 0.0009485 0.0000010 0.0019268 0.0019000 0.0000010 0.0000010 0.0000010 0.0000010 0.0000010 0.0010761 0.0000010 0.0000010 0.0000010 0.0000010 0.0000010 0.0000010 0.0000010 0.0000010 0.0000010 0.0000010 0.0000010 0.0000010 0.0000010 0.0000010 0.0000010 0.0000010 0.0000010 0.0009485 0.0009485 0.0000010 0.0009485 0.0009485 0.0000010 0.0009541 0.0000010 0.0000010 0.0000010 0.0010247 0.0009548 0.0039779 0.0000010 0.0000010 0.0000010 0.0010119 0.0000010 0.0000010 0.0021035 0.0000010 0.0000010 0.0000010 0.0039082 0.0038353 0.0009485 0.0000010 0.0009485 0.0000010 0.0000010 0.0019016 0.0000010 0.0000010 0.0022104 0.0000010 0.0000010 0.0000010 0.0009485 0.0000010 0.0117036 0.0105750 0.0105750 0.0105750 0.0125072 0.0105634 0.0082238 0.0126749 0.0168407 0.0115298 0.0125192 0.0115298 0.0115298 0.0125460 0.0105776 0.0125058 0.0105634 0.0105750 0.0115298 0.0095955 0.0096028 0.0095955 0.0096205 0.0095955 0.0095955 0.0095955 0.0096399 0.0105715 0.0286870 0.0378645 0.0339026 
MH751944.1_Eimeria_ferrisi              0.0000010 0.0000010 0.0000010 0.0000010 0.0000010 0.0009403 0.0000010 0.0000010 0.0009416 0.0009416 0.0000010 0.0009426 0.0009414 0.0009447 0.0009440 0.0009485 0.0000000 0.0009403 0.0028716 0.0009417 0.0009403 0.0009441 0.0018861 0.0009984 0.0009411 0.0000010 0.0009403 0.0009403 0.0009403 0.0009403 0.0009403 0.0009403 0.0010083 0.0009426 0.0009521 0.0009403 0.0009403 0.0009403 0.0009403 0.0011953 0.0009403 0.0009403 0.0009403 0.0000010 0.0000010 0.0009403 0.0000010 0.0000010 0.0009403 0.0000010 0.0009403 0.0009403 0.0009403 0.0020426 0.0018953 0.0026490 0.0009424 0.0009403 0.0009403 0.0000010 0.0009425 0.0009403 0.0031349 0.0009403 0.0009403 0.0009403 0.0019251 0.0025489 0.0000010 0.0018578 0.0000010 0.0009403 0.0011296 0.0028311 0.0018710 0.0009458 0.0011024 0.0009989 0.0009403 0.0009403 0.0000010 0.0010443 0.0106682 0.0095461 0.0095358 0.0095288 0.0114724 0.0095185 0.0071531 0.0115652 0.0153855 0.0104760 0.0114544 0.0104760 0.0104760 0.0114783 0.0095312 0.0114423 0.0095185 0.0095288 0.0104760 0.0104873 0.0105110 0.0104760 0.0105414 0.0104760 0.0104760 0.0104760 0.0105241 0.0114460 0.0295017 0.0385583 0.0352651 
MH751945.1_Eimeria_ferrisi              0.0000010 0.0000010 0.0000010 0.0000010 0.0107300 0.0000010 0.0010614 0.0009426 0.0000010 0.0000010 0.0009567 0.0018875 0.0000010 0.0018907 0.0000024 0.0000010 0.0009403 0.0000000 0.0018614 0.0015470 0.0007722 0.0017114 0.0009421 0.0000010 0.0007737 0.0010738 0.0000010 0.0000010 0.0000010 0.0000010 0.0007859 0.0000010 0.0000010 0.0000010 0.0000010 0.0000010 0.0008551 0.0000010 0.0007722 0.0000010 0.0000010 0.0000010 0.0000010 0.0007728 0.0015535 0.0000010 0.0007728 0.0009403 0.0000010 0.0008562 0.0000010 0.0000010 0.0025295 0.0010206 0.0007770 0.0039779 0.0000010 0.0000010 0.0000010 0.0010080 0.0000010 0.0000010 0.0018696 0.0000010 0.0000010 0.0000010 0.0037037 0.0035827 0.0016243 0.0015383 0.0008256 0.0000010 0.0000010 0.0032191 0.0000010 0.0000010 0.0021520 0.0000010 0.0000010 0.0000010 0.0008507 0.0000010 0.0116481 0.0105090 0.0104977 0.0101769 0.0124383 0.0101684 0.0081819 0.0126275 0.0144930 0.0109549 0.0126092 0.0111274 0.0110509 0.0117793 0.0101795 0.0133518 0.0105446 0.0105855 0.0113712 0.0095288 0.0097484 0.0101720 0.0095780 0.0093792 0.0095185 0.0094303 0.0094368 0.0103743 0.0273189 0.0364329 0.0314463 
MH751946.1_Eimeria_ferrisi              0.0000010 0.0000010 0.0000010 0.0000010 0.0000010 0.0018614 0.0031991 0.0028748 0.0019134 0.0019134 0.0028868 0.0038405 0.0019155 0.0038448 0.0009322 0.0019268 0.0028716 0.0018614 0.0000000 0.0027962 0.0018614 0.0027963 0.0019155 0.0020324 0.0018627 0.0032372 0.0018614 0.0019134 0.0018614 0.0018614 0.0018614 0.0018614 0.0020371 0.0019155 0.0019235 0.0018614 0.0018614 0.0018614 0.0018614 0.0024419 0.0018614 0.0018614 0.0018614 0.0027934 0.0027934 0.0018614 0.0027934 0.0028716 0.0018614 0.0027934 0.0018614 0.0018614 0.0027963 0.0030760 0.0028116 0.0066691 0.0018652 0.0018614 0.0018614 0.0030561 0.0018653 0.0018614 0.0040720 0.0018614 0.0018614 0.0018614 0.0074542 0.0065302 0.0027934 0.0053310 0.0027934 0.0018614 0.0022686 0.0027953 0.0035727 0.0019235 0.0045035 0.0019483 0.0018614 0.0018614 0.0027934 0.0020343 0.0068528 0.0057802 0.0057739 0.0056164 0.0077186 0.0056105 0.0061276 0.0074408 0.0099331 0.0065491 0.0084491 0.0065491 0.0067322 0.0075168 0.0056179 0.0074936 0.0056105 0.0056164 0.0065491 0.0048078 0.0048187 0.0046718 0.0048293 0.0046718 0.0048025 0.0046718 0.0046928 0.0056147 0.0248592 0.0340213 0.0271375 
MH751947.1_Eimeria_ferrisi              0.0000010 0.0000010 0.0000010 0.0000010 0.0084753 0.0015196 0.0000020 0.0009433 0.0018863 0.0018863 0.0000029 0.0018891 0.0018869 0.0018925 0.0014936 0.0019000 0.0009417 0.0015470 0.0027962 0.0000000 0.0022449 0.0034110 0.0028336 0.0017982 0.0022802 0.0000020 0.0015088 0.0018849 0.0015552 0.0014902 0.0023591 0.0014910 0.0020205 0.0018883 0.0019073 0.0022645 0.0025712 0.0014902 0.0022449 0.0020962 0.0015088 0.0015088 0.0015088 0.0007724 0.0015329 0.0014949 0.0007539 0.0009417 0.0015223 0.0008333 0.0015223 0.0014949 0.0042240 0.0020450 0.0022483 0.0026529 0.0014956 0.0014902 0.0014902 0.0010084 0.0014957 0.0014902 0.0026846 0.0014902 0.0014902 0.0014902 0.0018529 0.0035866 0.0015629 0.0057452 0.0008262 0.0015417 0.0011307 0.0046515 0.0014385 0.0018922 0.0021540 0.0009323 0.0015963 0.0015609 0.0008513 0.0009734 0.0097017 0.0085933 0.0085840 0.0083915 0.0105188 0.0082794 0.0071615 0.0105177 0.0120691 0.0090360 0.0106138 0.0092903 0.0092045 0.0098229 0.0082881 0.0112139 0.0085738 0.0086060 0.0093657 0.0095367 0.0097559 0.0099228 0.0095860 0.0090650 0.0095264 0.0094366 0.0094435 0.0103809 0.0273396 0.0376538 0.0302474 
MH751949.1_Eimeria_ferrisi              0.0000010 0.0000010 0.0000010 0.0000010 0.0086307 0.0007592 0.0010614 0.0009426 0.0000010 0.0000010 0.0009567 0.0018875 0.0000010 0.0018907 0.0007492 0.0000010 0.0009403 0.0007722 0.0018614 0.0022449 0.0000000 0.0017022 0.0009421 0.0008988 0.0000010 0.0010738 0.0007539 0.0000010 0.0007766 0.0007469 0.0000010 0.0007473 0.0000010 0.0000010 0.0000010 0.0015084 0.0000010 0.0007469 0.0000010 0.0010471 0.0007539 0.0007539 0.0007539 0.0015453 0.0007649 0.0007469 0.0015082 0.0009403 0.0007606 0.0008320 0.0007606 0.0007469 0.0016840 0.0010206 0.0015023 0.0039779 0.0007481 0.0007469 0.0007469 0.0010080 0.0007482 0.0007469 0.0017938 0.0007469 0.0007469 0.0007469 0.0037037 0.0047842 0.0023530 0.0043245 0.0016529 0.0007729 0.0000010 0.0038861 0.0000010 0.0000010 0.0032325 0.0000010 0.0007972 0.0007802 0.0008507 0.0000010 0.0116481 0.0105090 0.0104977 0.0106950 0.0124383 0.0105852 0.0081819 0.0126275 0.0157253 0.0113471 0.0129481 0.0116296 0.0119860 0.0121455 0.0105967 0.0136837 0.0109642 0.0110055 0.0117628 0.0095288 0.0088489 0.0091420 0.0095780 0.0098236 0.0095185 0.0102263 0.0102335 0.0111840 0.0282325 0.0386157 0.0327079 
MH751950.1_Eimeria_ferrisi              0.0104165 0.0104165 0.0104165 0.0104165 0.0211083 0.0017022 0.0010614 0.0009451 0.0000010 0.0000010 0.0009567 0.0018938 0.0000010 0.0018958 0.0017071 0.0000010 0.0009441 0.0017114 0.0027963 0.0034110 0.0017022 0.0000000 0.0000010 0.0000010 0.0017033 0.0010738 0.0017022 0.0000010 0.0017214 0.0017022 0.0017091 0.0017022 0.0000010 0.0000010 0.0000010 0.0017022 0.0009197 0.0017022 0.0017022 0.0000010 0.0017022 0.0017022 0.0017022 0.0025644 0.0025545 0.0017022 0.0025545 0.0009441 0.0017022 0.0025618 0.0017022 0.0017022 0.0000010 0.0010206 0.0025698 0.0039779 0.0017053 0.0017022 0.0017022 0.0010080 0.0017055 0.0017022 0.0037285 0.0017022 0.0017022 0.0017022 0.0055736 0.0038452 0.0025545 0.0061320 0.0026412 0.0017022 0.0000010 0.0034135 0.0030759 0.0000010 0.0022154 0.0018674 0.0017091 0.0017174 0.0025696 0.0019497 0.0116797 0.0105372 0.0105257 0.0129562 0.0124716 0.0129436 0.0081819 0.0126760 0.0168881 0.0138132 0.0155892 0.0138132 0.0114760 0.0147347 0.0129592 0.0146929 0.0129436 0.0129562 0.0138132 0.0095612 0.0095829 0.0120720 0.0096037 0.0120720 0.0095508 0.0121552 0.0122209 0.0130794 0.0286027 0.0403616 0.0339977 
MH751953.1_Eimeria_ferrisi              0.0000010 0.0000010 0.0000010 0.0000010 0.0000010 0.0009421 0.0010614 0.0009426 0.0000010 0.0000010 0.0009567 0.0028345 0.0009421 0.0018907 0.0009456 0.0000010 0.0018861 0.0009421 0.0019155 0.0028336 0.0009421 0.0000010 0.0000000 0.0009991 0.0009428 0.0010738 0.0009421 0.0009421 0.0009421 0.0009421 0.0009421 0.0009421 0.0000010 0.0000010 0.0000010 0.0009421 0.0009421 0.0009421 0.0009421 0.0011963 0.0009421 0.0009421 0.0009421 0.0018861 0.0018861 0.0009421 0.0018861 0.0018861 0.0009421 0.0009480 0.0009421 0.0009421 0.0009421 0.0010206 0.0018986 0.0039779 0.0009441 0.0009421 0.0009421 0.0010080 0.0009442 0.0009421 0.0020912 0.0009421 0.0009421 0.0009421 0.0038648 0.0051119 0.0018861 0.0000010 0.0018861 0.0009421 0.0000010 0.0028361 0.0000010 0.0009464 0.0033147 0.0000010 0.0009421 0.0009421 0.0018861 0.0000010 0.0116481 0.0105090 0.0105090 0.0114699 0.0124383 0.0114573 0.0081819 0.0136992 0.0182371 0.0124186 0.0134043 0.0124186 0.0124186 0.0134329 0.0114726 0.0133900 0.0114573 0.0114699 0.0124186 0.0104943 0.0105295 0.0104943 0.0095780 0.0104943 0.0104943 0.0104943 0.0105426 0.0114661 0.0295228 0.0386293 0.0353015 
MH751954.1_Eimeria_ferrisi              0.0000010 0.0000010 0.0000010 0.0000010 0.0000010 0.0000010 0.0010614 0.0009991 0.0000010 0.0000010 0.0010108 0.0019993 0.0000010 0.0020011 0.0000026 0.0000010 0.0009984 0.0000010 0.0020324 0.0017982 0.0008988 0.0000010 0.0009991 0.0000000 0.0008994 0.0010738 0.0000010 0.0000010 0.0000010 0.0000010 0.0009098 0.0000010 0.0000010 0.0000010 0.0000010 0.0000010 0.0009265 0.0000010 0.0008988 0.0000010 0.0000010 0.0000010 0.0000010 0.0008982 0.0017985 0.0000010 0.0008982 0.0009984 0.0000010 0.0010052 0.0000010 0.0000010 0.0018246 0.0010287 0.0009039 0.0039779 0.0000010 0.0000010 0.0000010 0.0010096 0.0000010 0.0000010 0.0022305 0.0000010 0.0000010 0.0000010 0.0021769 0.0035827 0.0018905 0.0000010 0.0009342 0.0000010 0.0000010 0.0037406 0.0000010 0.0000010 0.0021520 0.0000010 0.0000010 0.0000010 0.0009970 0.0000010 0.0121693 0.0111488 0.0111488 0.0100081 0.0131864 0.0099975 0.0082559 0.0126275 0.0145310 0.0109123 0.0118475 0.0110355 0.0117105 0.0118710 0.0100103 0.0136241 0.0103568 0.0104033 0.0113161 0.0101073 0.0102882 0.0100017 0.0101429 0.0090818 0.0101073 0.0090818 0.0091217 0.0101174 0.0279345 0.0367536 0.0304652 
MH751955.1_Eimeria_ferrisi              0.0000010 0.0000010 0.0000010 0.0000010 0.0093736 0.0007621 0.0010623 0.0009433 0.0000010 0.0000010 0.0009574 0.0018889 0.0000010 0.0018922 0.0007606 0.0000010 0.0009411 0.0007737 0.0018627 0.0022802 0.0000010 0.0017033 0.0009428 0.0008994 0.0000000 0.0010748 0.0007587 0.0000010 0.0007781 0.0007587 0.0000010 0.0007587 0.0000010 0.0000010 0.0000010 0.0007587 0.0000010 0.0007587 0.0000010 0.0010496 0.0007587 0.0007587 0.0007587 0.0015481 0.0007654 0.0007587 0.0015179 0.0009411 0.0007620 0.0008370 0.0007620 0.0007587 0.0016851 0.0010215 0.0015261 0.0039820 0.0007599 0.0007587 0.0007587 0.0010088 0.0007600 0.0007587 0.0018242 0.0007587 0.0007587 0.0007587 0.0037091 0.0047888 0.0023889 0.0044474 0.0016540 0.0007845 0.0000010 0.0039448 0.0000010 0.0000010 0.0032353 0.0000010 0.0007978 0.0007806 0.0008513 0.0000010 0.0116570 0.0105170 0.0105056 0.0107638 0.0124477 0.0107543 0.0081885 0.0126380 0.0157403 0.0115277 0.0131398 0.0116912 0.0119947 0.0123396 0.0107659 0.0138980 0.0111312 0.0111737 0.0119424 0.0095359 0.0088552 0.0092003 0.0095852 0.0099798 0.0095257 0.0102325 0.0102525 0.0111911 0.0282915 0.0392567 0.0328021 
MH751958.1_Eimeria_ferrisi              0.0000010 0.0000010 0.0000010 0.0000010 0.0000010 0.0010738 0.0000010 0.0000010 0.0010738 0.0010738 0.0000010 0.0010744 0.0010738 0.0010748 0.0010779 0.0010761 0.0000010 0.0010738 0.0032372 0.0000020 0.0010738 0.0010738 0.0010738 0.0010738 0.0010748 0.0000000 0.0010738 0.0010738 0.0010738 0.0010738 0.0010738 0.0010738 0.0010738 0.0010738 0.0010738 0.0010738 0.0010738 0.0010738 0.0010738 0.0012924 0.0010738 0.0010738 0.0010738 0.0000010 0.0000010 0.0010738 0.0000010 0.0000010 0.0010738 0.0000010 0.0010738 0.0010738 0.0010738 0.0021827 0.0021655 0.0026530 0.0010764 0.0010738 0.0010738 0.0000010 0.0010765 0.0010738 0.0033821 0.0010738 0.0010738 0.0010738 0.0000010 0.0027707 0.0000010 0.0021350 0.0000010 0.0010738 0.0011679 0.0010738 0.0021526 0.0010738 0.0011844 0.0010738 0.0010738 0.0010738 0.0000010 0.0011264 0.0086955 0.0076039 0.0076039 0.0076039 0.0097848 0.0075945 0.0076133 0.0089784 0.0122146 0.0086848 0.0097957 0.0086848 0.0086848 0.0098191 0.0076061 0.0097839 0.0075945 0.0076039 0.0086848 0.0086848 0.0086997 0.0086848 0.0087104 0.0086848 0.0086848 0.0086848 0.0087303 0.0097876 0.0290084 0.0384641 0.0339035 
MH751959.1_Eimeria_ferrisi              0.0000010 0.0000010 0.0000010 0.0000010 0.0091171 0.0000010 0.0010614 0.0009426 0.0000010 0.0000010 0.0009567 0.0018875 0.0000010 0.0018907 0.0000023 0.0000010 0.0009403 0.0000010 0.0018614 0.0015088 0.0007539 0.0017022 0.0009421 0.0000010 0.0007587 0.0010738 0.0000000 0.0000010 0.0000010 0.0000010 0.0007850 0.0000010 0.0000010 0.0000010 0.0000010 0.0000010 0.0008551 0.0000010 0.0007539 0.0000010 0.0000010 0.0000010 0.0000010 0.0007668 0.0015315 0.0000010 0.0007494 0.0009403 0.0000010 0.0008320 0.0000010 0.0000010 0.0025295 0.0010206 0.0007533 0.0039779 0.0000010 0.0000010 0.0000010 0.0010080 0.0000010 0.0000010 0.0018139 0.0000010 0.0000010 0.0000010 0.0037037 0.0035827 0.0015824 0.0044030 0.0008256 0.0000010 0.0000010 0.0031350 0.0000010 0.0000010 0.0021520 0.0000010 0.0000010 0.0000010 0.0008507 0.0000010 0.0116481 0.0105090 0.0104977 0.0098668 0.0124383 0.0098584 0.0081819 0.0126275 0.0144930 0.0106212 0.0122899 0.0108433 0.0110509 0.0114196 0.0098688 0.0129945 0.0102691 0.0103090 0.0110749 0.0095288 0.0097484 0.0098733 0.0095780 0.0090940 0.0095185 0.0094303 0.0093835 0.0103743 0.0280539 0.0387725 0.0324245 
MH751961.1_Eimeria_ferrisi              0.0000010 0.0000010 0.0000010 0.0000010 0.0000010 0.0000010 0.0010614 0.0009426 0.0000010 0.0000010 0.0009567 0.0018875 0.0000010 0.0018907 0.0000028 0.0000010 0.0009403 0.0000010 0.0019134 0.0018849 0.0000010 0.0000010 0.0009421 0.0000010 0.0000010 0.0010738 0.0000010 0.0000000 0.0000010 0.0000010 0.0000010 0.0000010 0.0000010 0.0000010 0.0000010 0.0000010 0.0000010 0.0000010 0.0000010 0.0000010 0.0000010 0.0000010 0.0000010 0.0009403 0.0009403 0.0000010 0.0009403 0.0009403 0.0000010 0.0009470 0.0000010 0.0000010 0.0000010 0.0010206 0.0009462 0.0039779 0.0000010 0.0000010 0.0000010 0.0010080 0.0000010 0.0000010 0.0020887 0.0000010 0.0000010 0.0000010 0.0038564 0.0038272 0.0009403 0.0000010 0.0009403 0.0000010 0.0000010 0.0018865 0.0000010 0.0000010 0.0022068 0.0000010 0.0000010 0.0000010 0.0009403 0.0000010 0.0116481 0.0105090 0.0104977 0.0104900 0.0124383 0.0104786 0.0081819 0.0126275 0.0168039 0.0114373 0.0124186 0.0114373 0.0114373 0.0124448 0.0104926 0.0124054 0.0104786 0.0104900 0.0114373 0.0095288 0.0095503 0.0095185 0.0095780 0.0095185 0.0095185 0.0095185 0.0095622 0.0104866 0.0285028 0.0375491 0.0338274 
MH751962.1_Eimeria_ferrisi              0.0000010 0.0000010 0.0000010 0.0000010 0.0111325 0.0000010 0.0010614 0.0009426 0.0000010 0.0000010 0.0009567 0.0018875 0.0000010 0.0018907 0.0000024 0.0000010 0.0009403 0.0000010 0.0018614 0.0015552 0.0007766 0.0017214 0.0009421 0.0000010 0.0007781 0.0010738 0.0000010 0.0000010 0.0000000 0.0000010 0.0007901 0.0000010 0.0000010 0.0000010 0.0000010 0.0000010 0.0008551 0.0000010 0.0007766 0.0000010 0.0000010 0.0000010 0.0000010 0.0007661 0.0015617 0.0000010 0.0007720 0.0009403 0.0000010 0.0008612 0.0000010 0.0000010 0.0025295 0.0010206 0.0007701 0.0039779 0.0000010 0.0000010 0.0000010 0.0010080 0.0000010 0.0000010 0.0018816 0.0000010 0.0000010 0.0000010 0.0037037 0.0035827 0.0016335 0.0015544 0.0008256 0.0000010 0.0000010 0.0032366 0.0000010 0.0000010 0.0021520 0.0000010 0.0000010 0.0000010 0.0008551 0.0000010 0.0116481 0.0105090 0.0104977 0.0100988 0.0124383 0.0101643 0.0081819 0.0126275 0.0144930 0.0108713 0.0126765 0.0111874 0.0110509 0.0116888 0.0101008 0.0134274 0.0106026 0.0106440 0.0114341 0.0095288 0.0097484 0.0101806 0.0095780 0.0093081 0.0095185 0.0094692 0.0093426 0.0103901 0.0278255 0.0369880 0.0320640 
MH751963.1_Eimeria_ferrisi              0.0000010 0.0000010 0.0000010 0.0000010 0.0084753 0.0000010 0.0010614 0.0009426 0.0000010 0.0000010 0.0009567 0.0018875 0.0000010 0.0018907 0.0000023 0.0000010 0.0009403 0.0000010 0.0018614 0.0014902 0.0007469 0.0017022 0.0009421 0.0000010 0.0007587 0.0010738 0.0000010 0.0000010 0.0000010 0.0000000 0.0007850 0.0000010 0.0000010 0.0000010 0.0000010 0.0007380 0.0008551 0.0000010 0.0007469 0.0000010 0.0000010 0.0000010 0.0000010 0.0007612 0.0015315 0.0000010 0.0007494 0.0009403 0.0000010 0.0008320 0.0000010 0.0000010 0.0025295 0.0010206 0.0007327 0.0039779 0.0000010 0.0000010 0.0000010 0.0010080 0.0007320 0.0000010 0.0017870 0.0000010 0.0000010 0.0000010 0.0037037 0.0035827 0.0015619 0.0042982 0.0008256 0.0000010 0.0000010 0.0030946 0.0000010 0.0000010 0.0021520 0.0000010 0.0000010 0.0000010 0.0008507 0.0000010 0.0116481 0.0105090 0.0104977 0.0097582 0.0124383 0.0097358 0.0081819 0.0126275 0.0144930 0.0104159 0.0121351 0.0108433 0.0110509 0.0111046 0.0095974 0.0128215 0.0101370 0.0101750 0.0109313 0.0095288 0.0097484 0.0098733 0.0095780 0.0089118 0.0095185 0.0094303 0.0092343 0.0103743 0.0275553 0.0376623 0.0316400 
MH751965.1_Eimeria_ferrisi              0.0000010 0.0000010 0.0000010 0.0000010 0.0106420 0.0007850 0.0010614 0.0009426 0.0000010 0.0000010 0.0009567 0.0018875 0.0000010 0.0018907 0.0007867 0.0000010 0.0009403 0.0007859 0.0018614 0.0023591 0.0000010 0.0017091 0.0009421 0.0009098 0.0000010 0.0010738 0.0007850 0.0000010 0.0007901 0.0007850 0.0000000 0.0007850 0.0000010 0.0000010 0.0000010 0.0007850 0.0000010 0.0007850 0.0000010 0.0010704 0.0007850 0.0007850 0.0007850 0.0015706 0.0007843 0.0007850 0.0015706 0.0009403 0.0007850 0.0008550 0.0007850 0.0007850 0.0016840 0.0010206 0.0015786 0.0039779 0.0007863 0.0007850 0.0007850 0.0010080 0.0007864 0.0007850 0.0018669 0.0007850 0.0007850 0.0007850 0.0037037 0.0047842 0.0024369 0.0015347 0.0016529 0.0007995 0.0000010 0.0040230 0.0000010 0.0000010 0.0032325 0.0000010 0.0007972 0.0007884 0.0008507 0.0000010 0.0116481 0.0105090 0.0104977 0.0111402 0.0124383 0.0111302 0.0081819 0.0126275 0.0160276 0.0119306 0.0135610 0.0119306 0.0119860 0.0127725 0.0111426 0.0141834 0.0113534 0.0113974 0.0121809 0.0095288 0.0088489 0.0095215 0.0095780 0.0103276 0.0095185 0.0103533 0.0104043 0.0111941 0.0269205 0.0361740 0.0309999 
MH751966.1_Eimeria_ferrisi              0.0000010 0.0000010 0.0000010 0.0000010 0.0084348 0.0000010 0.0010614 0.0009426 0.0000010 0.0000010 0.0009567 0.0018875 0.0000010 0.0018907 0.0000023 0.0000010 0.0009403 0.0000010 0.0018614 0.0014910 0.0007473 0.0017022 0.0009421 0.0000010 0.0007587 0.0010738 0.0000010 0.0000010 0.0000010 0.0000010 0.0007850 0.0000000 0.0000010 0.0000010 0.0000010 0.0007539 0.0008551 0.0000010 0.0007473 0.0000010 0.0000010 0.0000010 0.0000010 0.0007723 0.0015315 0.0000010 0.0007539 0.0009403 0.0000010 0.0008320 0.0000010 0.0000010 0.0025295 0.0010206 0.0007478 0.0039779 0.0000010 0.0000010 0.0000010 0.0010080 0.0000010 0.0000010 0.0017852 0.0000010 0.0000010 0.0000010 0.0037037 0.0035827 0.0015605 0.0042913 0.0008256 0.0000010 0.0000010 0.0030919 0.0000010 0.0000010 0.0021520 0.0000010 0.0000010 0.0000010 0.0008507 0.0000010 0.0116481 0.0105090 0.0104977 0.0099271 0.0124383 0.0097861 0.0081819 0.0126275 0.0144930 0.0105435 0.0121247 0.0108433 0.0110509 0.0113356 0.0097964 0.0128099 0.0101281 0.0101660 0.0109216 0.0095288 0.0097484 0.0099220 0.0095780 0.0090636 0.0095185 0.0094303 0.0094425 0.0103743 0.0273376 0.0376515 0.0314759 
MH751967.1_Eimeria_ferrisi              0.0000010 0.0000010 0.0000010 0.0000010 0.0000010 0.0000010 0.0010639 0.0010083 0.0000010 0.0000010 0.0010131 0.0020196 0.0000010 0.0020203 0.0000029 0.0000010 0.0010083 0.0000010 0.0020371 0.0020205 0.0000010 0.0000010 0.0000010 0.0000010 0.0000010 0.0010738 0.0000010 0.0000010 0.0000010 0.0000010 0.0000010 0.0000010 0.0000000 0.0000010 0.0000010 0.0000010 0.0000010 0.0000010 0.0000010 0.0000010 0.0000010 0.0000010 0.0000010 0.0010083 0.0010083 0.0000010 0.0010083 0.0010083 0.0000010 0.0010083 0.0000010 0.0000010 0.0000010 0.0010314 0.0010154 0.0039779 0.0000010 0.0000010 0.0000010 0.0010119 0.0000010 0.0000010 0.0022364 0.0000010 0.0000010 0.0000010 0.0021878 0.0038658 0.0010083 0.0000010 0.0010083 0.0000010 0.0000010 0.0020213 0.0000010 0.0000010 0.0022254 0.0000010 0.0000010 0.0000010 0.0010083 0.0000010 0.0122840 0.0112540 0.0112540 0.0112540 0.0133109 0.0112409 0.0082753 0.0127320 0.0169873 0.0122698 0.0133248 0.0122698 0.0122698 0.0133548 0.0112570 0.0133096 0.0112409 0.0112540 0.0122698 0.0102104 0.0102269 0.0102104 0.0102387 0.0102104 0.0102104 0.0102104 0.0102606 0.0112501 0.0293678 0.0393038 0.0341985 
MH751968.1_Eimeria_ferrisi              0.0000010 0.0000010 0.0000010 0.0000010 0.0000010 0.0000010 0.0010614 0.0009426 0.0000010 0.0000010 0.0009567 0.0018886 0.0000010 0.0018907 0.0000028 0.0000010 0.0009426 0.0000010 0.0019155 0.0018883 0.0000010 0.0000010 0.0000010 0.0000010 0.0000010 0.0010738 0.0000010 0.0000010 0.0000010 0.0000010 0.0000010 0.0000010 0.0000010 0.0000000 0.0000010 0.0000010 0.0000010 0.0000010 0.0000010 0.0000010 0.0000010 0.0000010 0.0000010 0.0009426 0.0009426 0.0000010 0.0009426 0.0009426 0.0000010 0.0009480 0.0000010 0.0000010 0.0000010 0.0010206 0.0009488 0.0039779 0.0000010 0.0000010 0.0000010 0.0010080 0.0000010 0.0000010 0.0020912 0.0000010 0.0000010 0.0000010 0.0038648 0.0038314 0.0009426 0.0000010 0.0009426 0.0000010 0.0000010 0.0018897 0.0000010 0.0000010 0.0022085 0.0000010 0.0000010 0.0000010 0.0009426 0.0000010 0.0116481 0.0105090 0.0105090 0.0105090 0.0124383 0.0104975 0.0081819 0.0126387 0.0168220 0.0114577 0.0124407 0.0114577 0.0114577 0.0124674 0.0105115 0.0124275 0.0104975 0.0105090 0.0114577 0.0095357 0.0095676 0.0095357 0.0095780 0.0095357 0.0095357 0.0095357 0.0095796 0.0105055 0.0285245 0.0376198 0.0338644 
