114
Proti15_25_F.Proti440R_28_R_ASV_1                                                       0.0000000 0.0058574 0.0000010 0.0000010 0.0000010 0.0000010 0.0000010 0.0000010 0.0000010 0.0000010 0.0000010 0.0000010 0.0000010 0.0000010 0.0000010 0.0000010 0.0000010 0.0000010 0.0108884 0.0000010 0.0000010 0.0000010 0.0000010 0.0000010 0.0000010 0.0000010 0.0000010 0.0000010 0.0000010 0.0000010 0.0000010 0.0000010 0.0046213 0.0000010 0.0000010 0.0000010 0.0000010 0.0000010 0.0000010 0.0000010 0.0000010 0.0000010 0.0000010 0.0000010 0.0000010 0.0000010 0.0000010 0.0000010 0.0000010 0.0099985 0.0000010 0.0000010 0.0000010 0.0000010 0.0000010 0.0000010 0.0000010 0.0000010 0.0000010 0.0000010 0.0000010 0.0000010 0.0000010 0.0110353 0.0000010 0.0000010 0.0110274 0.0000010 0.0033257 0.0000010 0.0000010 0.0000010 0.0000010 0.0000010 0.0000010 0.0000010 0.0000010 0.0000010 0.0000010 0.0000010 0.0000010 0.0000010 0.0093700 0.0000010 0.0086504 0.0000010 0.0000010 0.0000010 0.0086504 0.0123951 0.0093700 0.0000010 0.0083012 0.0083012 0.0079321 0.0072637 0.0072436 0.0071631 0.0000010 0.0000010 0.0093700 0.0000010 0.0088547 0.0000010 0.0111914 0.0112815 0.0114038 0.0000010 0.0393200 0.0000010 0.0000010 0.0000010 0.0000010 0.0000010 
Proti15_25_F.Proti440R_28_R_ASV_2                                                       0.0058574 0.0000000 0.0094550 0.0000010 0.0000010 0.0000010 0.0000010 0.0000010 0.0000010 0.0000010 0.0000010 0.0086938 0.0000010 0.0000010 0.0110980 0.0000010 0.0086938 0.0088547 0.0225239 0.0000010 0.0000010 0.0096415 0.0000010 0.0093700 0.0000010 0.0115287 0.0086938 0.0110062 0.0086504 0.0000010 0.0000010 0.0000010 0.0142842 0.0000010 0.0086504 0.0088547 0.0000010 0.0093700 0.0093700 0.0093700 0.0110062 0.0100860 0.0088547 0.0093700 0.0000010 0.0099194 0.0093700 0.0099194 0.0088547 0.0099985 0.0000010 0.0084615 0.0000010 0.0087950 0.0086504 0.0086504 0.0000010 0.0087950 0.0086504 0.0083012 0.0083012 0.0083012 0.0083277 0.0110353 0.0000010 0.0071079 0.0188035 0.0135091 0.0101900 0.0000010 0.0071631 0.0071631 0.0000010 0.0000010 0.0142290 0.0110062 0.0113551 0.0111445 0.0143859 0.0000010 0.0000010 0.0000010 0.0000010 0.0000010 0.0000010 0.0000010 0.0000010 0.0000010 0.0000010 0.0040380 0.0000010 0.0000010 0.0000010 0.0000010 0.0000010 0.0000010 0.0000010 0.0000010 0.0000010 0.0000010 0.0000010 0.0000010 0.0000010 0.0000010 0.0000010 0.0000010 0.0000010 0.0000010 0.0493474 0.0000010 0.0000010 0.0000010 0.0000010 0.0000010 
MH751925.1_Eimeria_ferrisi                                                              0.0000010 0.0094550 0.0000000 0.0010627 0.0009437 0.0000010 0.0000010 0.0009583 0.0018947 0.0000010 0.0018980 0.0000023 0.0000010 0.0009414 0.0000010 0.0018719 0.0015210 0.0007606 0.0017105 0.0009450 0.0000010 0.0007634 0.0010754 0.0000010 0.0000010 0.0000010 0.0000010 0.0007865 0.0000010 0.0000010 0.0000010 0.0000010 0.0000010 0.0008575 0.0000010 0.0007606 0.0000010 0.0000010 0.0000010 0.0000010 0.0007767 0.0015383 0.0000010 0.0007591 0.0009414 0.0000010 0.0008344 0.0000010 0.0000010 0.0025474 0.0010235 0.0007643 0.0040112 0.0000010 0.0000010 0.0000010 0.0010091 0.0000010 0.0000010 0.0018261 0.0000010 0.0000010 0.0000010 0.0037263 0.0035997 0.0015891 0.0044244 0.0008262 0.0000010 0.0000010 0.0031676 0.0000010 0.0000010 0.0021591 0.0000010 0.0000010 0.0000010 0.0008512 0.0000010 0.0118994 0.0107239 0.0107118 0.0101805 0.0127103 0.0101713 0.0083265 0.0129203 0.0149087 0.0109649 0.0126235 0.0110714 0.0112749 0.0118166 0.0101827 0.0133442 0.0104844 0.0105263 0.0113139 0.0097167 0.0099508 0.0101911 0.0097675 0.0093772 0.0097059 0.0096239 0.0096728 0.0105962 0.0279927 0.0408005 0.0322208 0.0000010 0.0201040 0.0201040 0.0000010 
MH751927.1_Eimeria_ferrisi                                                              0.0000010 0.0000010 0.0010627 0.0000000 0.0000010 0.0010627 0.0010627 0.0000010 0.0010654 0.0010627 0.0010659 0.0010659 0.0010662 0.0000010 0.0010627 0.0032218 0.0000029 0.0010627 0.0010627 0.0010627 0.0010627 0.0010635 0.0000010 0.0010627 0.0010627 0.0010627 0.0010627 0.0010627 0.0010627 0.0010653 0.0010627 0.0010627 0.0010627 0.0010627 0.0010627 0.0010627 0.0012874 0.0010627 0.0010627 0.0010627 0.0000010 0.0000010 0.0010627 0.0000010 0.0000010 0.0010627 0.0000010 0.0010627 0.0010627 0.0010627 0.0021652 0.0021490 0.0026682 0.0010651 0.0010627 0.0010627 0.0000010 0.0010653 0.0010627 0.0033749 0.0010627 0.0010627 0.0010627 0.0000010 0.0027697 0.0000010 0.0020968 0.0000010 0.0010627 0.0011642 0.0010627 0.0021138 0.0010627 0.0011835 0.0010653 0.0010627 0.0010627 0.0000010 0.0011168 0.0087494 0.0076449 0.0076449 0.0076449 0.0098529 0.0076352 0.0076545 0.0091124 0.0124555 0.0087384 0.0098871 0.0087384 0.0087384 0.0099104 0.0076472 0.0098744 0.0076352 0.0076449 0.0087384 0.0087384 0.0087531 0.0087384 0.0087641 0.0087384 0.0087384 0.0087384 0.0087853 0.0098786 0.0304341 0.0413033 0.0359607 0.0000010 0.0363056 0.0363056 0.0000010 
MH751928.1_Eimeria_ferrisi                                                              0.0000010 0.0000010 0.0009437 0.0000010 0.0000000 0.0009437 0.0009437 0.0000010 0.0009465 0.0009437 0.0009465 0.0009464 0.0009486 0.0000010 0.0009437 0.0028944 0.0009445 0.0009437 0.0009463 0.0009437 0.0010001 0.0009444 0.0000010 0.0009437 0.0009437 0.0009437 0.0009437 0.0009437 0.0009437 0.0010095 0.0009437 0.0009534 0.0009437 0.0009437 0.0009437 0.0009437 0.0011969 0.0009437 0.0009437 0.0009437 0.0000010 0.0000010 0.0009437 0.0000010 0.0000010 0.0009437 0.0000010 0.0009437 0.0009437 0.0009437 0.0020518 0.0019053 0.0026682 0.0009456 0.0009437 0.0009437 0.0000010 0.0009458 0.0009437 0.0031617 0.0009437 0.0009437 0.0009437 0.0019393 0.0025614 0.0000010 0.0018633 0.0000010 0.0009437 0.0011306 0.0028548 0.0018766 0.0009476 0.0011058 0.0010008 0.0009437 0.0009437 0.0000010 0.0010470 0.0108914 0.0097342 0.0097342 0.0097342 0.0117142 0.0097238 0.0072738 0.0118334 0.0158523 0.0107095 0.0117427 0.0107095 0.0107095 0.0117668 0.0097373 0.0117293 0.0097238 0.0097342 0.0107095 0.0107095 0.0107457 0.0107095 0.0107577 0.0107095 0.0107095 0.0107095 0.0107601 0.0117337 0.0312654 0.0418185 0.0376733 0.0000010 0.0254682 0.0254682 0.0000010 
MH751929.1_Eimeria_ferrisi                                                              0.0000010 0.0000010 0.0000010 0.0010627 0.0009437 0.0000000 0.0000010 0.0009583 0.0018960 0.0000010 0.0018980 0.0000027 0.0000010 0.0009427 0.0000010 0.0019245 0.0018889 0.0000010 0.0000010 0.0000010 0.0000010 0.0000010 0.0010754 0.0000010 0.0000010 0.0000010 0.0000010 0.0000010 0.0000010 0.0000010 0.0000010 0.0000010 0.0000010 0.0000010 0.0000010 0.0000010 0.0000010 0.0000010 0.0000010 0.0000010 0.0009427 0.0009427 0.0000010 0.0009427 0.0009427 0.0000010 0.0009484 0.0000010 0.0000010 0.0000010 0.0010235 0.0009507 0.0040112 0.0000010 0.0000010 0.0000010 0.0010091 0.0000010 0.0000010 0.0021023 0.0000010 0.0000010 0.0000010 0.0038823 0.0038504 0.0009427 0.0000010 0.0009427 0.0000010 0.0000010 0.0018987 0.0000010 0.0000010 0.0022172 0.0000010 0.0000010 0.0000010 0.0009427 0.0000010 0.0118994 0.0107239 0.0107118 0.0107118 0.0127103 0.0107005 0.0083265 0.0129308 0.0173323 0.0116870 0.0127262 0.0116870 0.0116870 0.0127520 0.0107153 0.0127117 0.0107005 0.0107118 0.0116870 0.0097238 0.0097456 0.0097129 0.0097675 0.0097129 0.0097129 0.0097129 0.0097588 0.0107304 0.0301878 0.0406505 0.0361036 0.0000010 0.0254682 0.0254682 0.0000010 
MH751930.1_Eimeria_ferrisi                                                              0.0000010 0.0000010 0.0000010 0.0010627 0.0009437 0.0000010 0.0000000 0.0009583 0.0018960 0.0000010 0.0018980 0.0000027 0.0000010 0.0009427 0.0000010 0.0019245 0.0018889 0.0000010 0.0000010 0.0000010 0.0000010 0.0000010 0.0010754 0.0000010 0.0000010 0.0000010 0.0000010 0.0000010 0.0000010 0.0000010 0.0000010 0.0000010 0.0000010 0.0000010 0.0000010 0.0000010 0.0000010 0.0000010 0.0000010 0.0000010 0.0009427 0.0009427 0.0000010 0.0009427 0.0009427 0.0000010 0.0009484 0.0000010 0.0000010 0.0000010 0.0010235 0.0009507 0.0040112 0.0000010 0.0000010 0.0000010 0.0010091 0.0000010 0.0000010 0.0021023 0.0000010 0.0000010 0.0000010 0.0038823 0.0038504 0.0009427 0.0000010 0.0009427 0.0000010 0.0000010 0.0018987 0.0000010 0.0000010 0.0022172 0.0000010 0.0000010 0.0000010 0.0009427 0.0000010 0.0118994 0.0107239 0.0107118 0.0107118 0.0127103 0.0107005 0.0083265 0.0129308 0.0173323 0.0116870 0.0127262 0.0116870 0.0116870 0.0127520 0.0107153 0.0127117 0.0107005 0.0107118 0.0116870 0.0097238 0.0097456 0.0097129 0.0097675 0.0097129 0.0097129 0.0097129 0.0097588 0.0107304 0.0301878 0.0406505 0.0361036 0.0000010 0.0254682 0.0254682 0.0000010 
MH751932.1_Eimeria_ferrisi                                                              0.0000010 0.0000010 0.0009583 0.0000010 0.0000010 0.0009583 0.0009583 0.0000000 0.0009605 0.0009583 0.0009616 0.0009615 0.0009636 0.0000010 0.0009583 0.0029068 0.0000028 0.0009583 0.0009583 0.0009583 0.0010121 0.0009590 0.0000010 0.0009583 0.0009583 0.0009583 0.0009583 0.0009583 0.0009583 0.0010145 0.0009583 0.0009583 0.0009583 0.0009583 0.0009583 0.0009583 0.0012139 0.0009583 0.0009583 0.0009583 0.0000010 0.0000010 0.0009583 0.0000010 0.0000010 0.0009583 0.0000010 0.0009583 0.0009583 0.0009583 0.0020518 0.0019357 0.0026682 0.0009603 0.0009583 0.0009583 0.0000010 0.0009604 0.0009583 0.0031760 0.0009583 0.0009583 0.0009583 0.0000010 0.0026003 0.0000010 0.0018785 0.0000010 0.0009583 0.0011306 0.0028992 0.0018921 0.0009583 0.0011211 0.0010058 0.0009583 0.0009583 0.0000010 0.0010518 0.0079581 0.0068747 0.0068747 0.0068747 0.0088580 0.0068665 0.0072738 0.0086490 0.0116049 0.0078579 0.0088856 0.0078579 0.0078579 0.0089044 0.0068763 0.0088753 0.0068665 0.0068747 0.0078579 0.0078579 0.0078846 0.0078579 0.0078935 0.0078579 0.0078579 0.0078579 0.0078958 0.0088787 0.0271993 0.0389828 0.0333861 0.0000010 0.0270487 0.0270487 0.0000010 
MH751933.1_Eimeria_ferrisi                                                              0.0000010 0.0000010 0.0018947 0.0010654 0.0009465 0.0018960 0.0018960 0.0009605 0.0000000 0.0018947 0.0019024 0.0019009 0.0019064 0.0009455 0.0018947 0.0038766 0.0018957 0.0018947 0.0019012 0.0028529 0.0020070 0.0018960 0.0010782 0.0018947 0.0018947 0.0018947 0.0018947 0.0018947 0.0018947 0.0020270 0.0018960 0.0019140 0.0018947 0.0018947 0.0018947 0.0018947 0.0024036 0.0018947 0.0018947 0.0018947 0.0009455 0.0009455 0.0018947 0.0009455 0.0009455 0.0018947 0.0009523 0.0018947 0.0018947 0.0018947 0.0030904 0.0028701 0.0040245 0.0018986 0.0018947 0.0018947 0.0010116 0.0018989 0.0018947 0.0042366 0.0018947 0.0018947 0.0018947 0.0019421 0.0038589 0.0009455 0.0018659 0.0009455 0.0018947 0.0022715 0.0038212 0.0018792 0.0019012 0.0022214 0.0020125 0.0018947 0.0018947 0.0009455 0.0021046 0.0119297 0.0107583 0.0107583 0.0107507 0.0127411 0.0107388 0.0083482 0.0129557 0.0173786 0.0117297 0.0127723 0.0117297 0.0117297 0.0127989 0.0107538 0.0127577 0.0107388 0.0107507 0.0117297 0.0117297 0.0117695 0.0117297 0.0117915 0.0117297 0.0117297 0.0117297 0.0117856 0.0127624 0.0324193 0.0430791 0.0393795 0.0000010 0.0253682 0.0253682 0.0000010 
MH751935.1_Eimeria_ferrisi                                                              0.0000010 0.0000010 0.0000010 0.0010627 0.0009437 0.0000010 0.0000010 0.0009583 0.0018947 0.0000000 0.0018980 0.0000027 0.0000010 0.0009425 0.0000010 0.0019268 0.0018900 0.0000010 0.0000010 0.0009450 0.0000010 0.0000010 0.0010754 0.0000010 0.0000010 0.0000010 0.0000010 0.0000010 0.0000010 0.0000010 0.0000010 0.0000010 0.0000010 0.0000010 0.0000010 0.0000010 0.0000010 0.0000010 0.0000010 0.0000010 0.0009425 0.0009425 0.0000010 0.0009425 0.0009425 0.0000010 0.0009494 0.0000010 0.0000010 0.0000010 0.0010235 0.0009505 0.0040112 0.0000010 0.0000010 0.0000010 0.0010091 0.0000010 0.0000010 0.0021049 0.0000010 0.0000010 0.0000010 0.0038910 0.0038467 0.0009425 0.0000010 0.0009425 0.0000010 0.0000010 0.0018994 0.0000010 0.0000010 0.0022154 0.0000010 0.0000010 0.0000010 0.0009425 0.0000010 0.0118994 0.0107239 0.0107239 0.0107164 0.0127103 0.0107046 0.0083265 0.0129203 0.0173137 0.0116922 0.0127311 0.0116922 0.0116922 0.0127575 0.0107195 0.0127166 0.0107046 0.0107164 0.0116922 0.0097167 0.0097494 0.0097167 0.0097675 0.0097167 0.0097167 0.0097167 0.0097629 0.0107346 0.0301637 0.0406649 0.0360613 0.0000010 0.0253682 0.0253682 0.0000010 
MH751936.1_Eimeria_ferrisi                                                              0.0000010 0.0000010 0.0018980 0.0010659 0.0009465 0.0018980 0.0018980 0.0009616 0.0019024 0.0018980 0.0000000 0.0019042 0.0019071 0.0009465 0.0018980 0.0038813 0.0018989 0.0018980 0.0019032 0.0018980 0.0020088 0.0018994 0.0010786 0.0018980 0.0018980 0.0018980 0.0018980 0.0018980 0.0018980 0.0020278 0.0018980 0.0019161 0.0018980 0.0018980 0.0018980 0.0018980 0.0024068 0.0018980 0.0018980 0.0018980 0.0009465 0.0009465 0.0018980 0.0009465 0.0009465 0.0018980 0.0009533 0.0018980 0.0018980 0.0018980 0.0030916 0.0028753 0.0040264 0.0019020 0.0018980 0.0018980 0.0010120 0.0019022 0.0018980 0.0042418 0.0018980 0.0018980 0.0018980 0.0039241 0.0038644 0.0009465 0.0037685 0.0009465 0.0018980 0.0022725 0.0038278 0.0037958 0.0019046 0.0022241 0.0020148 0.0018980 0.0018980 0.0009465 0.0021071 0.0119338 0.0107701 0.0107701 0.0107701 0.0127550 0.0107584 0.0083513 0.0129711 0.0158523 0.0117511 0.0127951 0.0117511 0.0117511 0.0128221 0.0107734 0.0127806 0.0107584 0.0107701 0.0117511 0.0117511 0.0117821 0.0117511 0.0117954 0.0117511 0.0117511 0.0117511 0.0118069 0.0127853 0.0324829 0.0431654 0.0376733 0.0000010 0.0254682 0.0254682 0.0000010 
MH751938.1_Eimeria_ferrisi                                                              0.0000010 0.0086938 0.0000023 0.0010659 0.0009464 0.0000027 0.0000027 0.0009615 0.0019009 0.0000027 0.0019042 0.0000000 0.0000027 0.0009448 0.0000023 0.0009346 0.0014951 0.0007506 0.0017155 0.0009483 0.0000025 0.0007620 0.0010789 0.0000022 0.0000027 0.0000023 0.0000022 0.0007887 0.0000022 0.0000028 0.0000027 0.0000027 0.0007572 0.0008601 0.0000022 0.0007506 0.0000027 0.0000022 0.0000022 0.0000022 0.0007748 0.0015398 0.0000022 0.0007561 0.0009448 0.0000023 0.0008355 0.0000023 0.0000022 0.0025552 0.0010268 0.0007518 0.0040299 0.0000022 0.0000022 0.0000022 0.0010127 0.0000022 0.0000022 0.0018013 0.0000022 0.0000022 0.0000022 0.0037514 0.0036148 0.0015704 0.0043285 0.0008286 0.0000023 0.0000029 0.0031303 0.0000021 0.0000027 0.0021679 0.0000026 0.0000023 0.0000023 0.0008537 0.0000026 0.0108977 0.0097402 0.0097293 0.0093274 0.0117207 0.0092004 0.0072783 0.0118310 0.0136121 0.0099772 0.0116352 0.0102568 0.0103259 0.0108060 0.0092105 0.0123099 0.0095284 0.0095656 0.0103427 0.0087368 0.0090381 0.0093369 0.0087823 0.0084503 0.0087270 0.0087985 0.0088124 0.0097734 0.0289450 0.0399902 0.0307384 0.0000010 0.0201040 0.0201040 0.0000010 
MH751939.1_Eimeria_ferrisi                                                              0.0000010 0.0000010 0.0000010 0.0010662 0.0009486 0.0000010 0.0000010 0.0009636 0.0019064 0.0000010 0.0019071 0.0000027 0.0000000 0.0009486 0.0000010 0.0019393 0.0019028 0.0000010 0.0000010 0.0000010 0.0000010 0.0000010 0.0010776 0.0000010 0.0000010 0.0000010 0.0000010 0.0000010 0.0000010 0.0000010 0.0000010 0.0000010 0.0000010 0.0000010 0.0000010 0.0000010 0.0000010 0.0000010 0.0000010 0.0000010 0.0009486 0.0009486 0.0000010 0.0009486 0.0009486 0.0000010 0.0009553 0.0000010 0.0000010 0.0000010 0.0010279 0.0009568 0.0040112 0.0000010 0.0000010 0.0000010 0.0010131 0.0000010 0.0000010 0.0021177 0.0000010 0.0000010 0.0000010 0.0039349 0.0038541 0.0009486 0.0000010 0.0009486 0.0000010 0.0000010 0.0019126 0.0000010 0.0000010 0.0022190 0.0000010 0.0000010 0.0000010 0.0009486 0.0000010 0.0119589 0.0107924 0.0107924 0.0107924 0.0127814 0.0107807 0.0083699 0.0129684 0.0173523 0.0117754 0.0128222 0.0117754 0.0117754 0.0128487 0.0107957 0.0128067 0.0107807 0.0107924 0.0117754 0.0097856 0.0097930 0.0097856 0.0098114 0.0097856 0.0097856 0.0097856 0.0098323 0.0108111 0.0303696 0.0409858 0.0361472 0.0000010 0.0255702 0.0255702 0.0000010 
MH751944.1_Eimeria_ferrisi                                                              0.0000010 0.0000010 0.0009414 0.0000010 0.0000010 0.0009427 0.0009427 0.0000010 0.0009455 0.0009425 0.0009465 0.0009448 0.0009486 0.0000000 0.0009414 0.0028910 0.0009428 0.0009414 0.0009452 0.0018933 0.0009994 0.0009421 0.0000010 0.0009414 0.0009414 0.0009414 0.0009414 0.0009414 0.0009414 0.0010095 0.0009437 0.0009534 0.0009414 0.0009414 0.0009414 0.0009414 0.0011951 0.0009414 0.0009414 0.0009414 0.0000010 0.0000010 0.0009414 0.0000010 0.0000010 0.0009414 0.0000010 0.0009414 0.0009414 0.0009414 0.0020518 0.0019021 0.0026682 0.0009435 0.0009414 0.0009414 0.0000010 0.0009436 0.0009414 0.0031578 0.0009414 0.0009414 0.0009414 0.0019349 0.0025590 0.0000010 0.0018593 0.0000010 0.0009414 0.0011306 0.0028497 0.0018725 0.0009470 0.0011052 0.0009995 0.0009414 0.0009414 0.0000010 0.0010458 0.0108914 0.0097342 0.0097233 0.0097165 0.0117142 0.0097059 0.0072738 0.0118237 0.0158352 0.0106898 0.0117209 0.0106898 0.0106898 0.0117452 0.0097193 0.0117076 0.0097059 0.0097165 0.0106898 0.0107017 0.0107257 0.0106898 0.0107577 0.0106898 0.0106898 0.0106898 0.0107404 0.0117119 0.0312405 0.0417334 0.0376292 0.0000010 0.0253682 0.0253682 0.0000010 
MH751945.1_Eimeria_ferrisi                                                              0.0000010 0.0110980 0.0000010 0.0010627 0.0009437 0.0000010 0.0000010 0.0009583 0.0018947 0.0000010 0.0018980 0.0000023 0.0000010 0.0009414 0.0000000 0.0018719 0.0015493 0.0007748 0.0017195 0.0009450 0.0000010 0.0007761 0.0010754 0.0000010 0.0000010 0.0000010 0.0000010 0.0007875 0.0000010 0.0000010 0.0000010 0.0000010 0.0000010 0.0008575 0.0000010 0.0007748 0.0000010 0.0000010 0.0000010 0.0000010 0.0007732 0.0015574 0.0000010 0.0007732 0.0009414 0.0000010 0.0008567 0.0000010 0.0000010 0.0025474 0.0010235 0.0007786 0.0040112 0.0000010 0.0000010 0.0000010 0.0010091 0.0000010 0.0000010 0.0018796 0.0000010 0.0000010 0.0000010 0.0037263 0.0035997 0.0016298 0.0015384 0.0008262 0.0000010 0.0000010 0.0032481 0.0000010 0.0000010 0.0021591 0.0000010 0.0000010 0.0000010 0.0008512 0.0000010 0.0118994 0.0107239 0.0107118 0.0103746 0.0127103 0.0103650 0.0083265 0.0129203 0.0148690 0.0111738 0.0129197 0.0113523 0.0112749 0.0120428 0.0103768 0.0137012 0.0107554 0.0107998 0.0116072 0.0097167 0.0099508 0.0103856 0.0097675 0.0095557 0.0097059 0.0096068 0.0096151 0.0105962 0.0288333 0.0393700 0.0333632 0.0000010 0.0201040 0.0201040 0.0000010 
MH751946.1_Eimeria_ferrisi                                                              0.0000010 0.0000010 0.0018719 0.0032218 0.0028944 0.0019245 0.0019245 0.0029068 0.0038766 0.0019268 0.0038813 0.0009346 0.0019393 0.0028910 0.0018719 0.0000000 0.0028145 0.0018719 0.0028193 0.0019268 0.0020447 0.0018732 0.0032612 0.0018719 0.0019245 0.0018719 0.0018719 0.0018719 0.0018719 0.0020497 0.0019268 0.0019354 0.0018719 0.0018719 0.0018719 0.0018719 0.0024575 0.0018719 0.0018719 0.0018719 0.0028109 0.0028109 0.0018719 0.0028109 0.0028910 0.0018719 0.0028109 0.0018719 0.0018719 0.0028193 0.0031053 0.0028354 0.0067769 0.0018758 0.0018719 0.0018719 0.0030781 0.0018760 0.0018719 0.0041207 0.0018719 0.0018719 0.0018719 0.0075810 0.0066147 0.0028109 0.0053877 0.0028109 0.0018719 0.0022837 0.0028183 0.0036055 0.0019354 0.0045517 0.0019598 0.0018719 0.0018719 0.0028109 0.0020467 0.0069367 0.0058453 0.0058388 0.0056764 0.0078160 0.0056702 0.0062006 0.0075356 0.0100964 0.0066234 0.0085908 0.0066234 0.0068128 0.0076226 0.0056779 0.0075986 0.0056702 0.0056764 0.0066234 0.0048581 0.0048687 0.0047180 0.0048796 0.0047180 0.0048527 0.0047180 0.0047400 0.0056854 0.0262004 0.0366081 0.0285383 0.0000010 0.0272533 0.0272533 0.0000010 
MH751947.1_Eimeria_ferrisi                                                              0.0000010 0.0086938 0.0015210 0.0000029 0.0009445 0.0018889 0.0018889 0.0000028 0.0018957 0.0018900 0.0018989 0.0014951 0.0019028 0.0009428 0.0015493 0.0028145 0.0000000 0.0022505 0.0034322 0.0028466 0.0018018 0.0022861 0.0000029 0.0015103 0.0018879 0.0015574 0.0014917 0.0023671 0.0014925 0.0020242 0.0018910 0.0019113 0.0022706 0.0025812 0.0014917 0.0022505 0.0020987 0.0015103 0.0015103 0.0015103 0.0007728 0.0015368 0.0014963 0.0007542 0.0009428 0.0015240 0.0008337 0.0015240 0.0014963 0.0042600 0.0020542 0.0022550 0.0026724 0.0014970 0.0014917 0.0014917 0.0010098 0.0014972 0.0014917 0.0026998 0.0014917 0.0014917 0.0014917 0.0018614 0.0036034 0.0015671 0.0057636 0.0008268 0.0015434 0.0011320 0.0046971 0.0014379 0.0018950 0.0021618 0.0009331 0.0015989 0.0015631 0.0008517 0.0009743 0.0098965 0.0087576 0.0087478 0.0085380 0.0107345 0.0084223 0.0072815 0.0107442 0.0123597 0.0091973 0.0108511 0.0094604 0.0093783 0.0100204 0.0084315 0.0114799 0.0087273 0.0087611 0.0095394 0.0097248 0.0099586 0.0101241 0.0097754 0.0092268 0.0097139 0.0096135 0.0096214 0.0106040 0.0288563 0.0408802 0.0320666 0.0038038 0.0242447 0.0242447 0.0040599 
MH751949.1_Eimeria_ferrisi                                                              0.0000010 0.0088547 0.0007606 0.0010627 0.0009437 0.0000010 0.0000010 0.0009583 0.0018947 0.0000010 0.0018980 0.0007506 0.0000010 0.0009414 0.0007748 0.0018719 0.0022505 0.0000000 0.0017105 0.0009450 0.0009011 0.0000010 0.0010754 0.0007553 0.0000010 0.0007788 0.0007483 0.0000010 0.0007487 0.0000010 0.0000010 0.0000010 0.0015144 0.0000010 0.0007483 0.0000010 0.0010489 0.0007553 0.0007553 0.0007553 0.0015493 0.0007653 0.0007483 0.0015121 0.0009414 0.0007621 0.0008331 0.0007621 0.0007483 0.0016919 0.0010235 0.0015082 0.0040112 0.0007495 0.0007483 0.0007483 0.0010091 0.0007496 0.0007483 0.0018025 0.0007483 0.0007483 0.0007483 0.0037263 0.0048233 0.0023644 0.0043328 0.0016580 0.0007743 0.0000010 0.0039276 0.0000010 0.0000010 0.0032540 0.0000010 0.0007996 0.0007817 0.0008512 0.0000010 0.0118994 0.0107239 0.0107118 0.0109188 0.0127103 0.0108046 0.0083265 0.0129203 0.0161903 0.0115879 0.0132825 0.0118828 0.0122612 0.0124315 0.0108165 0.0140575 0.0111990 0.0112428 0.0120225 0.0097167 0.0090099 0.0093057 0.0097675 0.0100205 0.0097059 0.0104418 0.0104505 0.0114494 0.0298759 0.0420414 0.0348301 0.0038434 0.0245290 0.0245290 0.0041053 
MH751950.1_Eimeria_ferrisi                                                              0.0108884 0.0225239 0.0017105 0.0010627 0.0009463 0.0000010 0.0000010 0.0009583 0.0019012 0.0000010 0.0019032 0.0017155 0.0000010 0.0009452 0.0017195 0.0028193 0.0034322 0.0017105 0.0000000 0.0000010 0.0000010 0.0017116 0.0010754 0.0017105 0.0000010 0.0017296 0.0017105 0.0017173 0.0017105 0.0000010 0.0000010 0.0000010 0.0017105 0.0009222 0.0017105 0.0017105 0.0000010 0.0017105 0.0017105 0.0017105 0.0025796 0.0025686 0.0017105 0.0025686 0.0009452 0.0017105 0.0025759 0.0017105 0.0017105 0.0000010 0.0010235 0.0025889 0.0040112 0.0017137 0.0017105 0.0017105 0.0010091 0.0017139 0.0017105 0.0037687 0.0017105 0.0017105 0.0017105 0.0056378 0.0038647 0.0025686 0.0061953 0.0026562 0.0017105 0.0000010 0.0034467 0.0030998 0.0000010 0.0022243 0.0018774 0.0017173 0.0017256 0.0025845 0.0019608 0.0119334 0.0107538 0.0107417 0.0133009 0.0127449 0.0132873 0.0083265 0.0129705 0.0174039 0.0141891 0.0160949 0.0141891 0.0117202 0.0151749 0.0133040 0.0151304 0.0132873 0.0133009 0.0141891 0.0097509 0.0097728 0.0123846 0.0097948 0.0123846 0.0097400 0.0124712 0.0125414 0.0134550 0.0302752 0.0440741 0.0362539 0.0000010 0.0258360 0.0258360 0.0000010 
MH751953.1_Eimeria_ferrisi                                                              0.0000010 0.0000010 0.0009450 0.0010627 0.0009437 0.0000010 0.0000010 0.0009583 0.0028529 0.0009450 0.0018980 0.0009483 0.0000010 0.0018933 0.0009450 0.0019268 0.0028466 0.0009450 0.0000010 0.0000000 0.0010021 0.0009457 0.0010754 0.0009450 0.0009450 0.0009450 0.0009450 0.0009450 0.0009450 0.0000010 0.0000010 0.0000010 0.0009450 0.0009450 0.0009450 0.0009450 0.0011990 0.0009450 0.0009450 0.0009450 0.0018933 0.0018933 0.0009450 0.0018933 0.0018933 0.0009450 0.0009494 0.0009450 0.0009450 0.0009450 0.0010235 0.0019091 0.0040112 0.0009470 0.0009450 0.0009450 0.0010091 0.0009471 0.0009450 0.0021049 0.0009450 0.0009450 0.0009450 0.0038910 0.0051559 0.0018933 0.0000010 0.0018933 0.0009450 0.0000010 0.0028601 0.0000010 0.0009485 0.0033380 0.0000010 0.0009450 0.0009450 0.0018933 0.0000010 0.0118994 0.0107239 0.0107239 0.0117366 0.0127103 0.0117237 0.0083265 0.0140581 0.0188673 0.0127164 0.0137647 0.0127164 0.0127164 0.0137932 0.0117400 0.0137490 0.0117237 0.0117366 0.0127164 0.0107304 0.0107667 0.0107304 0.0097675 0.0107304 0.0107304 0.0107304 0.0107815 0.0117567 0.0313348 0.0419153 0.0377959 0.0047937 0.0310889 0.0310889 0.0052081 
MH751954.1_Eimeria_ferrisi                                                              0.0000010 0.0000010 0.0000010 0.0010627 0.0010001 0.0000010 0.0000010 0.0010121 0.0020070 0.0000010 0.0020088 0.0000025 0.0000010 0.0009994 0.0000010 0.0020447 0.0018018 0.0009011 0.0000010 0.0010021 0.0000000 0.0009017 0.0010754 0.0000010 0.0000010 0.0000010 0.0000010 0.0009121 0.0000010 0.0000010 0.0000010 0.0000010 0.0000010 0.0009297 0.0000010 0.0009011 0.0000010 0.0000010 0.0000010 0.0000010 0.0008989 0.0018043 0.0000010 0.0008989 0.0009994 0.0000010 0.0010064 0.0000010 0.0000010 0.0018341 0.0010320 0.0009062 0.0040112 0.0000010 0.0000010 0.0000010 0.0010107 0.0000010 0.0000010 0.0022461 0.0000010 0.0000010 0.0000010 0.0021792 0.0035997 0.0018982 0.0000010 0.0009355 0.0000010 0.0000010 0.0037810 0.0000010 0.0000010 0.0021591 0.0000010 0.0000010 0.0000010 0.0009980 0.0000010 0.0124418 0.0113900 0.0113900 0.0102012 0.0134908 0.0101904 0.0084019 0.0129203 0.0149087 0.0111300 0.0121163 0.0112585 0.0119616 0.0121405 0.0102039 0.0139936 0.0105644 0.0106141 0.0115508 0.0103177 0.0105135 0.0102139 0.0103543 0.0092501 0.0103177 0.0092501 0.0092924 0.0103356 0.0294928 0.0397273 0.0322208 0.0000010 0.0201040 0.0201040 0.0000010 
MH751955.1_Eimeria_ferrisi                                                              0.0000010 0.0096415 0.0007634 0.0010635 0.0009444 0.0000010 0.0000010 0.0009590 0.0018960 0.0000010 0.0018994 0.0007620 0.0000010 0.0009421 0.0007761 0.0018732 0.0022861 0.0000010 0.0017116 0.0009457 0.0009017 0.0000000 0.0010762 0.0007600 0.0000010 0.0007802 0.0007600 0.0000010 0.0007600 0.0000010 0.0000010 0.0000010 0.0007600 0.0000010 0.0007600 0.0000010 0.0010514 0.0007600 0.0007600 0.0007600 0.0015520 0.0007657 0.0007600 0.0015216 0.0009421 0.0007634 0.0008378 0.0007634 0.0007600 0.0016930 0.0010244 0.0015321 0.0040153 0.0007613 0.0007600 0.0007600 0.0010099 0.0007614 0.0007600 0.0018342 0.0007600 0.0007600 0.0007600 0.0037316 0.0048277 0.0024007 0.0044564 0.0016590 0.0007850 0.0000010 0.0039877 0.0000010 0.0000010 0.0032567 0.0000010 0.0008001 0.0007822 0.0008517 0.0000010 0.0119086 0.0107319 0.0107199 0.0109899 0.0127189 0.0109800 0.0083331 0.0129310 0.0162060 0.0117763 0.0134845 0.0119460 0.0122701 0.0126347 0.0109923 0.0142845 0.0113735 0.0114186 0.0122102 0.0097239 0.0090162 0.0093665 0.0097748 0.0101830 0.0097131 0.0104482 0.0104699 0.0114567 0.0299419 0.0428010 0.0349374 0.0038434 0.0245290 0.0245290 0.0041053 
MH751958.1_Eimeria_ferrisi                                                              0.0000010 0.0000010 0.0010754 0.0000010 0.0000010 0.0010754 0.0010754 0.0000010 0.0010782 0.0010754 0.0010786 0.0010789 0.0010776 0.0000010 0.0010754 0.0032612 0.0000029 0.0010754 0.0010754 0.0010754 0.0010754 0.0010762 0.0000000 0.0010754 0.0010754 0.0010754 0.0010754 0.0010754 0.0010754 0.0010754 0.0010754 0.0010754 0.0010754 0.0010754 0.0010754 0.0010754 0.0012932 0.0010754 0.0010754 0.0010754 0.0000010 0.0000010 0.0010754 0.0000010 0.0000010 0.0010754 0.0000010 0.0010754 0.0010754 0.0010754 0.0021918 0.0021740 0.0026714 0.0010779 0.0010754 0.0010754 0.0000010 0.0010780 0.0010754 0.0034077 0.0010754 0.0010754 0.0010754 0.0000010 0.0027831 0.0000010 0.0021365 0.0000010 0.0010754 0.0011690 0.0010754 0.0021541 0.0010754 0.0011884 0.0010754 0.0010754 0.0010754 0.0000010 0.0011280 0.0088566 0.0077384 0.0077384 0.0077384 0.0099737 0.0077286 0.0077483 0.0091484 0.0125220 0.0088453 0.0100087 0.0088453 0.0088453 0.0100318 0.0077405 0.0099958 0.0077286 0.0077384 0.0088453 0.0088453 0.0088603 0.0088453 0.0088716 0.0088453 0.0088453 0.0088453 0.0088925 0.0100000 0.0307895 0.0418596 0.0361590 0.0000010 0.0369048 0.0369048 0.0000010 
MH751959.1_Eimeria_ferrisi                                                              0.0000010 0.0093700 0.0000010 0.0010627 0.0009437 0.0000010 0.0000010 0.0009583 0.0018947 0.0000010 0.0018980 0.0000022 0.0000010 0.0009414 0.0000010 0.0018719 0.0015103 0.0007553 0.0017105 0.0009450 0.0000010 0.0007600 0.0010754 0.0000000 0.0000010 0.0000010 0.0000010 0.0007865 0.0000010 0.0000010 0.0000010 0.0000010 0.0000010 0.0008575 0.0000010 0.0007553 0.0000010 0.0000010 0.0000010 0.0000010 0.0007679 0.0015358 0.0000010 0.0007496 0.0009414 0.0000010 0.0008331 0.0000010 0.0000010 0.0025474 0.0010235 0.0007547 0.0040112 0.0000010 0.0000010 0.0000010 0.0010091 0.0000010 0.0000010 0.0018229 0.0000010 0.0000010 0.0000010 0.0037263 0.0035997 0.0015867 0.0044120 0.0008262 0.0000010 0.0000010 0.0031628 0.0000010 0.0000010 0.0021591 0.0000010 0.0000010 0.0000010 0.0008512 0.0000010 0.0118994 0.0107239 0.0107118 0.0100498 0.0127103 0.0100409 0.0083265 0.0129203 0.0148690 0.0108242 0.0125828 0.0110545 0.0112749 0.0116640 0.0100520 0.0133228 0.0104681 0.0105100 0.0112964 0.0097167 0.0099508 0.0100721 0.0097675 0.0092567 0.0097059 0.0096068 0.0095596 0.0105962 0.0296762 0.0422268 0.0345094 0.0000010 0.0201040 0.0201040 0.0000010 
MH751961.1_Eimeria_ferrisi                                                              0.0000010 0.0000010 0.0000010 0.0010627 0.0009437 0.0000010 0.0000010 0.0009583 0.0018947 0.0000010 0.0018980 0.0000027 0.0000010 0.0009414 0.0000010 0.0019245 0.0018879 0.0000010 0.0000010 0.0009450 0.0000010 0.0000010 0.0010754 0.0000010 0.0000000 0.0000010 0.0000010 0.0000010 0.0000010 0.0000010 0.0000010 0.0000010 0.0000010 0.0000010 0.0000010 0.0000010 0.0000010 0.0000010 0.0000010 0.0000010 0.0009414 0.0009414 0.0000010 0.0009414 0.0009414 0.0000010 0.0009484 0.0000010 0.0000010 0.0000010 0.0010235 0.0009495 0.0040112 0.0000010 0.0000010 0.0000010 0.0010091 0.0000010 0.0000010 0.0021023 0.0000010 0.0000010 0.0000010 0.0038823 0.0038467 0.0009414 0.0000010 0.0009414 0.0000010 0.0000010 0.0018974 0.0000010 0.0000010 0.0022154 0.0000010 0.0000010 0.0000010 0.0009414 0.0000010 0.0118994 0.0107239 0.0107118 0.0107044 0.0127103 0.0106927 0.0083265 0.0129203 0.0173137 0.0116791 0.0127168 0.0116791 0.0116791 0.0127431 0.0107075 0.0127024 0.0106927 0.0107044 0.0116791 0.0097167 0.0097385 0.0097059 0.0097675 0.0097059 0.0097059 0.0097059 0.0097519 0.0107226 0.0301637 0.0406166 0.0360613 0.0000010 0.0253682 0.0253682 0.0000010 
MH751962.1_Eimeria_ferrisi                                                              0.0000010 0.0115287 0.0000010 0.0010627 0.0009437 0.0000010 0.0000010 0.0009583 0.0018947 0.0000010 0.0018980 0.0000023 0.0000010 0.0009414 0.0000010 0.0018719 0.0015574 0.0007788 0.0017296 0.0009450 0.0000010 0.0007802 0.0010754 0.0000010 0.0000010 0.0000000 0.0000010 0.0007917 0.0000010 0.0000010 0.0000010 0.0000010 0.0000010 0.0008575 0.0000010 0.0007788 0.0000010 0.0000010 0.0000010 0.0000010 0.0007671 0.0015656 0.0000010 0.0007728 0.0009414 0.0000010 0.0008617 0.0000010 0.0000010 0.0025474 0.0010235 0.0007724 0.0040112 0.0000010 0.0000010 0.0000010 0.0010091 0.0000010 0.0000010 0.0018917 0.0000010 0.0000010 0.0000010 0.0037263 0.0035997 0.0016388 0.0015545 0.0008262 0.0000010 0.0000010 0.0032660 0.0000010 0.0000010 0.0021591 0.0000010 0.0000010 0.0000010 0.0008555 0.0000010 0.0118994 0.0107239 0.0107118 0.0102911 0.0127103 0.0103595 0.0083265 0.0129203 0.0148690 0.0110849 0.0129904 0.0114146 0.0112749 0.0119465 0.0102942 0.0137802 0.0108163 0.0108596 0.0116723 0.0097167 0.0099508 0.0103937 0.0097675 0.0094793 0.0097059 0.0096474 0.0095162 0.0106128 0.0294211 0.0400475 0.0341027 0.0000010 0.0201040 0.0201040 0.0000010 
MH751963.1_Eimeria_ferrisi                                                              0.0000010 0.0086938 0.0000010 0.0010627 0.0009437 0.0000010 0.0000010 0.0009583 0.0018947 0.0000010 0.0018980 0.0000022 0.0000010 0.0009414 0.0000010 0.0018719 0.0014917 0.0007483 0.0017105 0.0009450 0.0000010 0.0007600 0.0010754 0.0000010 0.0000010 0.0000010 0.0000000 0.0007865 0.0000010 0.0000010 0.0000010 0.0000010 0.0007392 0.0008575 0.0000010 0.0007483 0.0000010 0.0000010 0.0000010 0.0000010 0.0007615 0.0015358 0.0000010 0.0007496 0.0009414 0.0000010 0.0008331 0.0000010 0.0000010 0.0025474 0.0010235 0.0007340 0.0040112 0.0000010 0.0000010 0.0000010 0.0010091 0.0007333 0.0000010 0.0017958 0.0000010 0.0000010 0.0000010 0.0037263 0.0035997 0.0015661 0.0043069 0.0008262 0.0000010 0.0000010 0.0031218 0.0000010 0.0000010 0.0021591 0.0000010 0.0000010 0.0000010 0.0008512 0.0000010 0.0118994 0.0107239 0.0107118 0.0099369 0.0127103 0.0099139 0.0083265 0.0129203 0.0148690 0.0106101 0.0124208 0.0110545 0.0112749 0.0113354 0.0097703 0.0131413 0.0103300 0.0103710 0.0111472 0.0097167 0.0099508 0.0100721 0.0097675 0.0090674 0.0097059 0.0096068 0.0094045 0.0105962 0.0291199 0.0409164 0.0336234 0.0000010 0.0201040 0.0201040 0.0000010 
MH751965.1_Eimeria_ferrisi                                                              0.0000010 0.0110062 0.0007865 0.0010627 0.0009437 0.0000010 0.0000010 0.0009583 0.0018947 0.0000010 0.0018980 0.0007887 0.0000010 0.0009414 0.0007875 0.0018719 0.0023671 0.0000010 0.0017173 0.0009450 0.0009121 0.0000010 0.0010754 0.0007865 0.0000010 0.0007917 0.0007865 0.0000000 0.0007865 0.0000010 0.0000010 0.0000010 0.0007865 0.0000010 0.0007865 0.0000010 0.0010722 0.0007865 0.0007865 0.0007865 0.0015747 0.0007846 0.0007865 0.0015747 0.0009414 0.0007865 0.0008556 0.0007865 0.0007865 0.0016919 0.0010235 0.0015860 0.0040112 0.0007879 0.0007865 0.0007865 0.0010091 0.0007880 0.0007865 0.0018770 0.0007865 0.0007865 0.0007865 0.0037263 0.0048233 0.0024498 0.0015349 0.0016580 0.0008018 0.0000010 0.0040684 0.0000010 0.0000010 0.0032540 0.0000010 0.0007996 0.0007900 0.0008512 0.0000010 0.0118994 0.0107239 0.0107118 0.0113853 0.0127103 0.0113747 0.0083265 0.0129203 0.0165113 0.0121999 0.0139318 0.0121999 0.0122612 0.0130918 0.0113873 0.0145893 0.0116084 0.0116554 0.0124627 0.0097167 0.0090099 0.0097022 0.0097675 0.0105487 0.0097059 0.0105745 0.0106289 0.0114603 0.0284243 0.0391177 0.0329128 0.0038434 0.0245290 0.0245290 0.0041053 
MH751966.1_Eimeria_ferrisi                                                              0.0000010 0.0086504 0.0000010 0.0010627 0.0009437 0.0000010 0.0000010 0.0009583 0.0018947 0.0000010 0.0018980 0.0000022 0.0000010 0.0009414 0.0000010 0.0018719 0.0014925 0.0007487 0.0017105 0.0009450 0.0000010 0.0007600 0.0010754 0.0000010 0.0000010 0.0000010 0.0000010 0.0007865 0.0000000 0.0000010 0.0000010 0.0000010 0.0007553 0.0008575 0.0000010 0.0007487 0.0000010 0.0000010 0.0000010 0.0000010 0.0007727 0.0015358 0.0000010 0.0007542 0.0009414 0.0000010 0.0008331 0.0000010 0.0000010 0.0025474 0.0010235 0.0007492 0.0040112 0.0000010 0.0000010 0.0000010 0.0010091 0.0000010 0.0000010 0.0017939 0.0000010 0.0000010 0.0000010 0.0037263 0.0035997 0.0015647 0.0042998 0.0008262 0.0000010 0.0000010 0.0031190 0.0000010 0.0000010 0.0021591 0.0000010 0.0000010 0.0000010 0.0008512 0.0000010 0.0118994 0.0107239 0.0107118 0.0101126 0.0127103 0.0099662 0.0083265 0.0129203 0.0148690 0.0107436 0.0124097 0.0110545 0.0112749 0.0115766 0.0099771 0.0131289 0.0103204 0.0103615 0.0111370 0.0097167 0.0099508 0.0101231 0.0097675 0.0092253 0.0097059 0.0096068 0.0096210 0.0105962 0.0288540 0.0408778 0.0333966 0.0000010 0.0201040 0.0201040 0.0000010 
MH751967.1_Eimeria_ferrisi                                                              0.0000010 0.0000010 0.0000010 0.0010653 0.0010095 0.0000010 0.0000010 0.0010145 0.0020270 0.0000010 0.0020278 0.0000028 0.0000010 0.0010095 0.0000010 0.0020497 0.0020242 0.0000010 0.0000010 0.0000010 0.0000010 0.0000010 0.0010754 0.0000010 0.0000010 0.0000010 0.0000010 0.0000010 0.0000010 0.0000000 0.0000010 0.0000010 0.0000010 0.0000010 0.0000010 0.0000010 0.0000010 0.0000010 0.0000010 0.0000010 0.0010095 0.0010095 0.0000010 0.0010095 0.0010095 0.0000010 0.0010095 0.0000010 0.0000010 0.0000010 0.0010346 0.0010188 0.0040112 0.0000010 0.0000010 0.0000010 0.0010131 0.0000010 0.0000010 0.0022521 0.0000010 0.0000010 0.0000010 0.0021903 0.0038857 0.0010095 0.0000010 0.0010095 0.0000010 0.0000010 0.0020342 0.0000010 0.0000010 0.0022348 0.0000010 0.0000010 0.0000010 0.0010095 0.0000010 0.0125634 0.0115011 0.0115011 0.0115011 0.0136225 0.0114874 0.0084223 0.0130296 0.0175098 0.0125483 0.0136684 0.0125483 0.0125483 0.0136989 0.0115046 0.0136517 0.0114874 0.0115011 0.0125483 0.0104263 0.0104425 0.0104263 0.0104555 0.0104263 0.0104263 0.0104263 0.0104795 0.0115220 0.0311762 0.0427378 0.0364817 0.0000010 0.0264037 0.0264037 0.0000010 
MH751968.1_Eimeria_ferrisi                                                              0.0000010 0.0000010 0.0000010 0.0010627 0.0009437 0.0000010 0.0000010 0.0009583 0.0018960 0.0000010 0.0018980 0.0000027 0.0000010 0.0009437 0.0000010 0.0019268 0.0018910 0.0000010 0.0000010 0.0000010 0.0000010 0.0000010 0.0010754 0.0000010 0.0000010 0.0000010 0.0000010 0.0000010 0.0000010 0.0000010 0.0000000 0.0000010 0.0000010 0.0000010 0.0000010 0.0000010 0.0000010 0.0000010 0.0000010 0.0000010 0.0009437 0.0009437 0.0000010 0.0009437 0.0009437 0.0000010 0.0009494 0.0000010 0.0000010 0.0000010 0.0010235 0.0009518 0.0040112 0.0000010 0.0000010 0.0000010 0.0010091 0.0000010 0.0000010 0.0021049 0.0000010 0.0000010 0.0000010 0.0038910 0.0038504 0.0009437 0.0000010 0.0009437 0.0000010 0.0000010 0.0019008 0.0000010 0.0000010 0.0022172 0.0000010 0.0000010 0.0000010 0.0009437 0.0000010 0.0118994 0.0107239 0.0107239 0.0107239 0.0127103 0.0107124 0.0083265 0.0129308 0.0173323 0.0116998 0.0127404 0.0116998 0.0116998 0.0127664 0.0107273 0.0127259 0.0107124 0.0107239 0.0116998 0.0097238 0.0097565 0.0097238 0.0097675 0.0097238 0.0097238 0.0097238 0.0097698 0.0107425 0.0301878 0.0406989 0.0361036 0.0000010 0.0254682 0.0254682 0.0000010 
MH751969.1_Eimeria_ferrisi                                                              0.0000010 0.0000010 0.0000010 0.0010627 0.0009534 0.0000010 0.0000010 0.0009583 0.0019140 0.0000010 0.0019161 0.0000027 0.0000010 0.0009534 0.0000010 0.0019354 0.0019113 0.0000010 0.0000010 0.0000010 0.0000010 0.0000010 0.0010754 0.0000010 0.0000010 0.0000010 0.0000010 0.0000010 0.0000010 0.0000010 0.0000010 0.0000000 0.0000010 0.0000010 0.0000010 0.0000010 0.0000010 0.0000010 0.0000010 0.0000010 0.0009534 0.0009534 0.0000010 0.0009534 0.0009534 0.0000010 0.0009534 0.0000010 0.0000010 0.0000010 0.0010235 0.0009616 0.0040112 0.0000010 0.0000010 0.0000010 0.0010091 0.0000010 0.0000010 0.0021146 0.0000010 0.0000010 0.0000010 0.0019441 0.0038820 0.0009534 0.0000010 0.0009534 0.0000010 0.0000010 0.0019203 0.0000010 0.0000010 0.0022329 0.0000010 0.0000010 0.0000010 0.0009534 0.0000010 0.0119745 0.0108371 0.0108371 0.0108371 0.0128345 0.0108248 0.0083265 0.0130189 0.0174904 0.0118236 0.0128748 0.0118236 0.0118236 0.0129021 0.0108401 0.0128600 0.0108248 0.0108371 0.0118236 0.0098252 0.0098592 0.0098252 0.0098704 0.0098252 0.0098252 0.0098252 0.0098731 0.0108555 0.0292996 0.0411569 0.0364384 0.0000010 0.0262967 0.0262967 0.0000010 
