110
wang1141_13_F.Nem_0425_6_3_R_ASV_1      0.0000000 0.0114668 0.0000010 0.0000010 0.0000010 0.0000010 0.0000010 0.0000010 0.0000010 0.0000010 0.0000010 0.0000010 0.0000010 0.0000010 0.0000010 0.0000010 0.0037920 0.0038013 0.0000010 0.0047291 0.0000010 0.0038013 0.0000010 0.0000010 0.0000010 0.0000010 0.0000010 0.0038013 0.0000010 0.0000010 0.0000010 0.0000010 0.0000010 0.0038013 0.0000010 0.0038013 0.0000010 0.0000010 0.0000010 0.0000010 0.0000010 0.0038013 0.0000010 0.0000010 0.0000010 0.0000010 0.0000010 0.0000010 0.0000010 0.0076480 0.0000010 0.0000010 0.0279459 0.0000010 0.0000010 0.0000010 0.0000010 0.0000010 0.0000010 0.0187027 0.0000010 0.0000010 0.0000010 0.0000010 0.0000010 0.0038014 0.0000010 0.0000010 0.0000010 0.0000010 0.0076561 0.0000010 0.0000010 0.0000010 0.0000010 0.0000010 0.0000010 0.0000010 0.0000010 0.0143388 0.0143388 0.0143388 0.0114668 0.0143388 0.0114668 0.0000010 0.0191214 0.0114668 0.0114668 0.0114668 0.0114668 0.0121576 0.0114668 0.0114668 0.0200168 0.0114668 0.0114668 0.0114668 0.0142867 0.0153587 0.0153587 0.0143388 0.0114668 0.0142867 0.0114668 0.0114668 0.0114668 0.0153206 0.0232474 0.0153591 
wang1141_13_F.Nem_0425_6_3_R_ASV_2      0.0114668 0.0000000 0.0114668 0.0000010 0.0143388 0.0143388 0.0143388 0.0000010 0.0142867 0.0142867 0.0143388 0.0114668 0.0143925 0.0142867 0.0114668 0.0000010 0.0076212 0.0153587 0.0145335 0.0191557 0.0114668 0.0153587 0.0000010 0.0114668 0.0142867 0.0114668 0.0114668 0.0153587 0.0114668 0.0148346 0.0143388 0.0147788 0.0114668 0.0153587 0.0114668 0.0153587 0.0114668 0.0114668 0.0114668 0.0114668 0.0114668 0.0153587 0.0114668 0.0114668 0.0142867 0.0114668 0.0147788 0.0114668 0.0114668 0.0193142 0.0000010 0.0114668 0.0279459 0.0114668 0.0114668 0.0114668 0.0148346 0.0114668 0.0114668 0.0187027 0.0114668 0.0114668 0.0114668 0.0000010 0.0114668 0.0153591 0.0000010 0.0114668 0.0114668 0.0000010 0.0193348 0.0000010 0.0141915 0.0128699 0.0000010 0.0114668 0.0114668 0.0141915 0.0000010 0.0000010 0.0000010 0.0000010 0.0000010 0.0000010 0.0000010 0.0000010 0.0047175 0.0000010 0.0000010 0.0000010 0.0000010 0.0000010 0.0000010 0.0000010 0.0079178 0.0000010 0.0000010 0.0000010 0.0000010 0.0037991 0.0037991 0.0000010 0.0000010 0.0000010 0.0000010 0.0000010 0.0000010 0.0037898 0.0114996 0.0037992 
MH751925.1_Eimeria_ferrisi              0.0000010 0.0114668 0.0000000 0.0010613 0.0009425 0.0000010 0.0000010 0.0009567 0.0018872 0.0000010 0.0018904 0.0000023 0.0000010 0.0009402 0.0000010 0.0018609 0.0015191 0.0007589 0.0017017 0.0009419 0.0000010 0.0007618 0.0010737 0.0000010 0.0000010 0.0000010 0.0000010 0.0007847 0.0000010 0.0000010 0.0000010 0.0000010 0.0000010 0.0008549 0.0000010 0.0007589 0.0000010 0.0000010 0.0000010 0.0000010 0.0007762 0.0015341 0.0000010 0.0007585 0.0009402 0.0000010 0.0008332 0.0000010 0.0000010 0.0025285 0.0010206 0.0007625 0.0039758 0.0000010 0.0000010 0.0000010 0.0010079 0.0000010 0.0000010 0.0018164 0.0000010 0.0000010 0.0000010 0.0037016 0.0035808 0.0015843 0.0044213 0.0008254 0.0000010 0.0000010 0.0031381 0.0000010 0.0000010 0.0021512 0.0000010 0.0000010 0.0000010 0.0008505 0.0000010 0.0116395 0.0105014 0.0104900 0.0099838 0.0124281 0.0099748 0.0081775 0.0126168 0.0145117 0.0107467 0.0123144 0.0108492 0.0110420 0.0115542 0.0099857 0.0129998 0.0102757 0.0103156 0.0110814 0.0095222 0.0097407 0.0099778 0.0095712 0.0092021 0.0095118 0.0094385 0.0094846 0.0103647 0.0265336 0.0374959 0.0303915 
MH751927.1_Eimeria_ferrisi              0.0000010 0.0000010 0.0010613 0.0000000 0.0000010 0.0010613 0.0010613 0.0000010 0.0010617 0.0010613 0.0010621 0.0010651 0.0010647 0.0000010 0.0010613 0.0031975 0.0000020 0.0010613 0.0010613 0.0010613 0.0010613 0.0010621 0.0000010 0.0010613 0.0010613 0.0010613 0.0010613 0.0010613 0.0010613 0.0010638 0.0010613 0.0010613 0.0010613 0.0010613 0.0010613 0.0010613 0.0012863 0.0010613 0.0010613 0.0010613 0.0000010 0.0000010 0.0010613 0.0000010 0.0000010 0.0010613 0.0000010 0.0010613 0.0010613 0.0010613 0.0021563 0.0021395 0.0026477 0.0010637 0.0010613 0.0010613 0.0000010 0.0010638 0.0010613 0.0033481 0.0010613 0.0010613 0.0010613 0.0000010 0.0027560 0.0000010 0.0020944 0.0000010 0.0010613 0.0011630 0.0010613 0.0021114 0.0010613 0.0011793 0.0010638 0.0010613 0.0010613 0.0000010 0.0011148 0.0085868 0.0075092 0.0075092 0.0075092 0.0096621 0.0075000 0.0075184 0.0089376 0.0121366 0.0085763 0.0096721 0.0085763 0.0085763 0.0096950 0.0075114 0.0096603 0.0075000 0.0075092 0.0085763 0.0085763 0.0085906 0.0085763 0.0086012 0.0085763 0.0085763 0.0085763 0.0086211 0.0096641 0.0286334 0.0378849 0.0336390 
MH751928.1_Eimeria_ferrisi              0.0000010 0.0143388 0.0009425 0.0000010 0.0000000 0.0009425 0.0009425 0.0000010 0.0009435 0.0009425 0.0009446 0.0009456 0.0009484 0.0000010 0.0009425 0.0028743 0.0009432 0.0009425 0.0009450 0.0009425 0.0009990 0.0009432 0.0000010 0.0009425 0.0009425 0.0009425 0.0009425 0.0009425 0.0009425 0.0010083 0.0009425 0.0009520 0.0009425 0.0009425 0.0009425 0.0009425 0.0011958 0.0009425 0.0009425 0.0009425 0.0000010 0.0000010 0.0009425 0.0000010 0.0000010 0.0009425 0.0000010 0.0009425 0.0009425 0.0009425 0.0020424 0.0018984 0.0026477 0.0009445 0.0009425 0.0009425 0.0000010 0.0009446 0.0009425 0.0031373 0.0009425 0.0009425 0.0009425 0.0019285 0.0025496 0.0000010 0.0018610 0.0000010 0.0009425 0.0011294 0.0028356 0.0018743 0.0009462 0.0011029 0.0010000 0.0009425 0.0009425 0.0000010 0.0010455 0.0106607 0.0095394 0.0095394 0.0095394 0.0114634 0.0095290 0.0071495 0.0115649 0.0153805 0.0104871 0.0114655 0.0104871 0.0104871 0.0114897 0.0095418 0.0114532 0.0095290 0.0095394 0.0104871 0.0104871 0.0105220 0.0104871 0.0105335 0.0104871 0.0104871 0.0104871 0.0105358 0.0114571 0.0294652 0.0385265 0.0352079 
MH751929.1_Eimeria_ferrisi              0.0000010 0.0143388 0.0000010 0.0010613 0.0009425 0.0000000 0.0000010 0.0009567 0.0018883 0.0000010 0.0018904 0.0000028 0.0000010 0.0009415 0.0000010 0.0019131 0.0018860 0.0000010 0.0000010 0.0000010 0.0000010 0.0000010 0.0010737 0.0000010 0.0000010 0.0000010 0.0000010 0.0000010 0.0000010 0.0000010 0.0000010 0.0000010 0.0000010 0.0000010 0.0000010 0.0000010 0.0000010 0.0000010 0.0000010 0.0000010 0.0009415 0.0009415 0.0000010 0.0009415 0.0009415 0.0000010 0.0009469 0.0000010 0.0000010 0.0000010 0.0010206 0.0009477 0.0039758 0.0000010 0.0000010 0.0000010 0.0010079 0.0000010 0.0000010 0.0020883 0.0000010 0.0000010 0.0000010 0.0038545 0.0038292 0.0009415 0.0000010 0.0009415 0.0000010 0.0000010 0.0018871 0.0000010 0.0000010 0.0022076 0.0000010 0.0000010 0.0000010 0.0009415 0.0000010 0.0116395 0.0105014 0.0104900 0.0104900 0.0124281 0.0104784 0.0081775 0.0126269 0.0167977 0.0114365 0.0124165 0.0114365 0.0114365 0.0124432 0.0104925 0.0124031 0.0104784 0.0104900 0.0114365 0.0095290 0.0095503 0.0095186 0.0095712 0.0095186 0.0095186 0.0095186 0.0095627 0.0104858 0.0284685 0.0374775 0.0337744 
MH751930.1_Eimeria_ferrisi              0.0000010 0.0143388 0.0000010 0.0010613 0.0009425 0.0000010 0.0000000 0.0009567 0.0018883 0.0000010 0.0018904 0.0000028 0.0000010 0.0009415 0.0000010 0.0019131 0.0018860 0.0000010 0.0000010 0.0000010 0.0000010 0.0000010 0.0010737 0.0000010 0.0000010 0.0000010 0.0000010 0.0000010 0.0000010 0.0000010 0.0000010 0.0000010 0.0000010 0.0000010 0.0000010 0.0000010 0.0000010 0.0000010 0.0000010 0.0000010 0.0009415 0.0009415 0.0000010 0.0009415 0.0009415 0.0000010 0.0009469 0.0000010 0.0000010 0.0000010 0.0010206 0.0009477 0.0039758 0.0000010 0.0000010 0.0000010 0.0010079 0.0000010 0.0000010 0.0020883 0.0000010 0.0000010 0.0000010 0.0038545 0.0038292 0.0009415 0.0000010 0.0009415 0.0000010 0.0000010 0.0018871 0.0000010 0.0000010 0.0022076 0.0000010 0.0000010 0.0000010 0.0009415 0.0000010 0.0116395 0.0105014 0.0104900 0.0104900 0.0124281 0.0104784 0.0081775 0.0126269 0.0167977 0.0114365 0.0124165 0.0114365 0.0114365 0.0124432 0.0104925 0.0124031 0.0104784 0.0104900 0.0114365 0.0095290 0.0095503 0.0095186 0.0095712 0.0095186 0.0095186 0.0095186 0.0095627 0.0104858 0.0284685 0.0374775 0.0337744 
MH751932.1_Eimeria_ferrisi              0.0000010 0.0000010 0.0009567 0.0000010 0.0000010 0.0009567 0.0009567 0.0000000 0.0009570 0.0009567 0.0009581 0.0009600 0.0009621 0.0000010 0.0009567 0.0028863 0.0000029 0.0009567 0.0009567 0.0009567 0.0010107 0.0009574 0.0000010 0.0009567 0.0009567 0.0009567 0.0009567 0.0009567 0.0009567 0.0010131 0.0009567 0.0009567 0.0009567 0.0009567 0.0009567 0.0009567 0.0012127 0.0009567 0.0009567 0.0009567 0.0000010 0.0000010 0.0009567 0.0000010 0.0000010 0.0009567 0.0000010 0.0009567 0.0009567 0.0009567 0.0020424 0.0019275 0.0026477 0.0009587 0.0009567 0.0009567 0.0000010 0.0009588 0.0009567 0.0031520 0.0009567 0.0009567 0.0009567 0.0000010 0.0025878 0.0000010 0.0018761 0.0000010 0.0009567 0.0011294 0.0028790 0.0018896 0.0009567 0.0011172 0.0010041 0.0009567 0.0009567 0.0000010 0.0010503 0.0078216 0.0067633 0.0067633 0.0067633 0.0087017 0.0067555 0.0071495 0.0084906 0.0113267 0.0077252 0.0087103 0.0077252 0.0077252 0.0087284 0.0067648 0.0087008 0.0067555 0.0067633 0.0077252 0.0077252 0.0077503 0.0077252 0.0077589 0.0077252 0.0077252 0.0077252 0.0077612 0.0087038 0.0257489 0.0360347 0.0313753 
MH751933.1_Eimeria_ferrisi              0.0000010 0.0142867 0.0018872 0.0010617 0.0009435 0.0018883 0.0018883 0.0009570 0.0000000 0.0018872 0.0018911 0.0018928 0.0018988 0.0009424 0.0018872 0.0038395 0.0018887 0.0018872 0.0018935 0.0028338 0.0019989 0.0018886 0.0010742 0.0018872 0.0018872 0.0018872 0.0018872 0.0018872 0.0018872 0.0020192 0.0018883 0.0019063 0.0018872 0.0018872 0.0018872 0.0018872 0.0023930 0.0018872 0.0018872 0.0018872 0.0009424 0.0009424 0.0018872 0.0009424 0.0009424 0.0018872 0.0009491 0.0018872 0.0018872 0.0018872 0.0030674 0.0028507 0.0039778 0.0018910 0.0018872 0.0018872 0.0010083 0.0018913 0.0018872 0.0041924 0.0018872 0.0018872 0.0018872 0.0019313 0.0038268 0.0009424 0.0018636 0.0009424 0.0018872 0.0022621 0.0037851 0.0018769 0.0018935 0.0022069 0.0020036 0.0018872 0.0018872 0.0009424 0.0020953 0.0116439 0.0105130 0.0105130 0.0105053 0.0124328 0.0104938 0.0081808 0.0126210 0.0167892 0.0114535 0.0124353 0.0114535 0.0114535 0.0124615 0.0105080 0.0124219 0.0104938 0.0105053 0.0114535 0.0114535 0.0114918 0.0114535 0.0115125 0.0114535 0.0114535 0.0114535 0.0115067 0.0124262 0.0304604 0.0395615 0.0366396 
MH751935.1_Eimeria_ferrisi              0.0000010 0.0142867 0.0000010 0.0010613 0.0009425 0.0000010 0.0000010 0.0009567 0.0018872 0.0000000 0.0018904 0.0000028 0.0000010 0.0009413 0.0000010 0.0019152 0.0018867 0.0000010 0.0000010 0.0009419 0.0000010 0.0000010 0.0010737 0.0000010 0.0000010 0.0000010 0.0000010 0.0000010 0.0000010 0.0000010 0.0000010 0.0000010 0.0000010 0.0000010 0.0000010 0.0000010 0.0000010 0.0000010 0.0000010 0.0000010 0.0009413 0.0009413 0.0000010 0.0009413 0.0009413 0.0000010 0.0009480 0.0000010 0.0000010 0.0000010 0.0010206 0.0009472 0.0039758 0.0000010 0.0000010 0.0000010 0.0010079 0.0000010 0.0000010 0.0020908 0.0000010 0.0000010 0.0000010 0.0038630 0.0038249 0.0009413 0.0000010 0.0009413 0.0000010 0.0000010 0.0018881 0.0000010 0.0000010 0.0022060 0.0000010 0.0000010 0.0000010 0.0009413 0.0000010 0.0116395 0.0105014 0.0105014 0.0104938 0.0124281 0.0104823 0.0081775 0.0126168 0.0167799 0.0114409 0.0124216 0.0114409 0.0114409 0.0124477 0.0104964 0.0124082 0.0104823 0.0104938 0.0114409 0.0095222 0.0095538 0.0095222 0.0095712 0.0095222 0.0095222 0.0095222 0.0095662 0.0104898 0.0284471 0.0374908 0.0337380 
MH751936.1_Eimeria_ferrisi              0.0000010 0.0143388 0.0018904 0.0010621 0.0009446 0.0018904 0.0018904 0.0009581 0.0018911 0.0018904 0.0000000 0.0018966 0.0018995 0.0009446 0.0018904 0.0038437 0.0018921 0.0018904 0.0018955 0.0018904 0.0020007 0.0018918 0.0010746 0.0018904 0.0018904 0.0018904 0.0018904 0.0018904 0.0018904 0.0020200 0.0018904 0.0019075 0.0018904 0.0018904 0.0018904 0.0018904 0.0023956 0.0018904 0.0018904 0.0018904 0.0009446 0.0009446 0.0018904 0.0009446 0.0009446 0.0018904 0.0009501 0.0018904 0.0018904 0.0018904 0.0030686 0.0028558 0.0039797 0.0018943 0.0018904 0.0018904 0.0010086 0.0018945 0.0018904 0.0041975 0.0018904 0.0018904 0.0018904 0.0038801 0.0038328 0.0009446 0.0037434 0.0009446 0.0018904 0.0022630 0.0037909 0.0037703 0.0018970 0.0022095 0.0020060 0.0018904 0.0018904 0.0009446 0.0020970 0.0116479 0.0105244 0.0105244 0.0105244 0.0124463 0.0105127 0.0081838 0.0126368 0.0153805 0.0114740 0.0124574 0.0114740 0.0114740 0.0124841 0.0105269 0.0124440 0.0105127 0.0105244 0.0114740 0.0114740 0.0115038 0.0114740 0.0115164 0.0114740 0.0114740 0.0114740 0.0115277 0.0124483 0.0305171 0.0396358 0.0352079 
MH751938.1_Eimeria_ferrisi              0.0000010 0.0114668 0.0000023 0.0010651 0.0009456 0.0000028 0.0000028 0.0009600 0.0018928 0.0000028 0.0018966 0.0000000 0.0000028 0.0009439 0.0000024 0.0009321 0.0014931 0.0007490 0.0017066 0.0009455 0.0000026 0.0007604 0.0010778 0.0000023 0.0000028 0.0000024 0.0000023 0.0007865 0.0000023 0.0000029 0.0000028 0.0000028 0.0007556 0.0008575 0.0000023 0.0007490 0.0000028 0.0000023 0.0000023 0.0000023 0.0007739 0.0015356 0.0000023 0.0007556 0.0009439 0.0000023 0.0008346 0.0000023 0.0000023 0.0025357 0.0010231 0.0007499 0.0039940 0.0000023 0.0000023 0.0000023 0.0010115 0.0000023 0.0000023 0.0017918 0.0000023 0.0000023 0.0000023 0.0037259 0.0035956 0.0015655 0.0043251 0.0008277 0.0000023 0.0000020 0.0031015 0.0000021 0.0000028 0.0021591 0.0000027 0.0000024 0.0000024 0.0008525 0.0000027 0.0106890 0.0095639 0.0095534 0.0091684 0.0114927 0.0090458 0.0071693 0.0115873 0.0132974 0.0098036 0.0113806 0.0100739 0.0101392 0.0105935 0.0090555 0.0120250 0.0093625 0.0093979 0.0101560 0.0085849 0.0088698 0.0091632 0.0086290 0.0083134 0.0085756 0.0086500 0.0086615 0.0095819 0.0273667 0.0368107 0.0290275 
MH751939.1_Eimeria_ferrisi              0.0000010 0.0143925 0.0000010 0.0010647 0.0009484 0.0000010 0.0000010 0.0009621 0.0018988 0.0000010 0.0018995 0.0000028 0.0000000 0.0009484 0.0000010 0.0019265 0.0018997 0.0000010 0.0000010 0.0000010 0.0000010 0.0000010 0.0010760 0.0000010 0.0000010 0.0000010 0.0000010 0.0000010 0.0000010 0.0000010 0.0000010 0.0000010 0.0000010 0.0000010 0.0000010 0.0000010 0.0000010 0.0000010 0.0000010 0.0000010 0.0009484 0.0009484 0.0000010 0.0009484 0.0009484 0.0000010 0.0009540 0.0000010 0.0000010 0.0000010 0.0010247 0.0009546 0.0039758 0.0000010 0.0000010 0.0000010 0.0010118 0.0000010 0.0000010 0.0021031 0.0000010 0.0000010 0.0000010 0.0039063 0.0038330 0.0009484 0.0000010 0.0009484 0.0000010 0.0000010 0.0019011 0.0000010 0.0000010 0.0022095 0.0000010 0.0000010 0.0000010 0.0009484 0.0000010 0.0116951 0.0105672 0.0105672 0.0105672 0.0124969 0.0105555 0.0082194 0.0126629 0.0168161 0.0115208 0.0125083 0.0115208 0.0115208 0.0125351 0.0105698 0.0124948 0.0105555 0.0105672 0.0115208 0.0095886 0.0095958 0.0095886 0.0096135 0.0095886 0.0095886 0.0095886 0.0096333 0.0105630 0.0286303 0.0377625 0.0338119 
MH751944.1_Eimeria_ferrisi              0.0000010 0.0142867 0.0009402 0.0000010 0.0000010 0.0009415 0.0009415 0.0000010 0.0009424 0.0009413 0.0009446 0.0009439 0.0009484 0.0000000 0.0009402 0.0028711 0.0009416 0.0009402 0.0009440 0.0018858 0.0009983 0.0009410 0.0000010 0.0009402 0.0009402 0.0009402 0.0009402 0.0009402 0.0009402 0.0010083 0.0009425 0.0009520 0.0009402 0.0009402 0.0009402 0.0009402 0.0011949 0.0009402 0.0009402 0.0009402 0.0000010 0.0000010 0.0009402 0.0000010 0.0000010 0.0009402 0.0000010 0.0009402 0.0009402 0.0009402 0.0020424 0.0018950 0.0026477 0.0009423 0.0009402 0.0009402 0.0000010 0.0009424 0.0009402 0.0031342 0.0009402 0.0009402 0.0009402 0.0019243 0.0025475 0.0000010 0.0018570 0.0000010 0.0009402 0.0011294 0.0028304 0.0018702 0.0009457 0.0011020 0.0009988 0.0009402 0.0009402 0.0000010 0.0010443 0.0106607 0.0095394 0.0095291 0.0095222 0.0114634 0.0095118 0.0071495 0.0115549 0.0153641 0.0104683 0.0114450 0.0104683 0.0104683 0.0114689 0.0095246 0.0114327 0.0095118 0.0095222 0.0104683 0.0104796 0.0105031 0.0104683 0.0105335 0.0104683 0.0104683 0.0104683 0.0105166 0.0114366 0.0294431 0.0384543 0.0351702 
MH751945.1_Eimeria_ferrisi              0.0000010 0.0114668 0.0000010 0.0010613 0.0009425 0.0000010 0.0000010 0.0009567 0.0018872 0.0000010 0.0018904 0.0000024 0.0000010 0.0009402 0.0000000 0.0018609 0.0015466 0.0007730 0.0017108 0.0009419 0.0000010 0.0007735 0.0010737 0.0000010 0.0000010 0.0000010 0.0000010 0.0007857 0.0000010 0.0000010 0.0000010 0.0000010 0.0000010 0.0008549 0.0000010 0.0007730 0.0000010 0.0000010 0.0000010 0.0000010 0.0007726 0.0015530 0.0000010 0.0007726 0.0009402 0.0000010 0.0008560 0.0000010 0.0000010 0.0025285 0.0010206 0.0007768 0.0039758 0.0000010 0.0000010 0.0000010 0.0010079 0.0000010 0.0000010 0.0018691 0.0000010 0.0000010 0.0000010 0.0037016 0.0035808 0.0016239 0.0015408 0.0008254 0.0000010 0.0000010 0.0032175 0.0000010 0.0000010 0.0021512 0.0000010 0.0000010 0.0000010 0.0008505 0.0000010 0.0116395 0.0105014 0.0104900 0.0101684 0.0124281 0.0101599 0.0081775 0.0126168 0.0144737 0.0109453 0.0125961 0.0111176 0.0110420 0.0117683 0.0101711 0.0133377 0.0105356 0.0105768 0.0113614 0.0095222 0.0097407 0.0101630 0.0095712 0.0093718 0.0095118 0.0094225 0.0094293 0.0103647 0.0272665 0.0363314 0.0313678 
MH751946.1_Eimeria_ferrisi              0.0000010 0.0000010 0.0018609 0.0031975 0.0028743 0.0019131 0.0019131 0.0028863 0.0038395 0.0019152 0.0038437 0.0009321 0.0019265 0.0028711 0.0018609 0.0000000 0.0027955 0.0018609 0.0027955 0.0019152 0.0020320 0.0018623 0.0032363 0.0018609 0.0019131 0.0018609 0.0018609 0.0018609 0.0018609 0.0020361 0.0019152 0.0019232 0.0018609 0.0018609 0.0018609 0.0018609 0.0024408 0.0018609 0.0018609 0.0018609 0.0027927 0.0027927 0.0018609 0.0027927 0.0028711 0.0018609 0.0027927 0.0018609 0.0018609 0.0027955 0.0030753 0.0028107 0.0066640 0.0018648 0.0018609 0.0018609 0.0030554 0.0018650 0.0018609 0.0040703 0.0018609 0.0018609 0.0018609 0.0074475 0.0065255 0.0027927 0.0053266 0.0027927 0.0018609 0.0022677 0.0027945 0.0035700 0.0019232 0.0045014 0.0019478 0.0018609 0.0018609 0.0027927 0.0020338 0.0068507 0.0057785 0.0057721 0.0056143 0.0077156 0.0056084 0.0061257 0.0074373 0.0099250 0.0065463 0.0084441 0.0065463 0.0067298 0.0075130 0.0056158 0.0074898 0.0056084 0.0056143 0.0065463 0.0048065 0.0048173 0.0046701 0.0048279 0.0046701 0.0048012 0.0046701 0.0046913 0.0056123 0.0248172 0.0339380 0.0270823 
MH751947.1_Eimeria_ferrisi              0.0037920 0.0076212 0.0015191 0.0000020 0.0009432 0.0018860 0.0018860 0.0000029 0.0018887 0.0018867 0.0018921 0.0014931 0.0018997 0.0009416 0.0015466 0.0027955 0.0000000 0.0022440 0.0034098 0.0028330 0.0017979 0.0022793 0.0000020 0.0015084 0.0018847 0.0015548 0.0014897 0.0023583 0.0014906 0.0020202 0.0018880 0.0019071 0.0022637 0.0025705 0.0014897 0.0022440 0.0020954 0.0015084 0.0015084 0.0015084 0.0007722 0.0015323 0.0014944 0.0007537 0.0009416 0.0015219 0.0008331 0.0015219 0.0014944 0.0042221 0.0020449 0.0022474 0.0026516 0.0014951 0.0014897 0.0014897 0.0010083 0.0014953 0.0014897 0.0026835 0.0014897 0.0014897 0.0014897 0.0018519 0.0035847 0.0015624 0.0057524 0.0008260 0.0015413 0.0011304 0.0046488 0.0014376 0.0018920 0.0021531 0.0009322 0.0015960 0.0015605 0.0008512 0.0009732 0.0096953 0.0085876 0.0085782 0.0083845 0.0105109 0.0082726 0.0071580 0.0105088 0.0120541 0.0090283 0.0106030 0.0092820 0.0091978 0.0098138 0.0082814 0.0112023 0.0085666 0.0085990 0.0093576 0.0095301 0.0097482 0.0099134 0.0095792 0.0090571 0.0095197 0.0094286 0.0094361 0.0103714 0.0272872 0.0375424 0.0301732 
MH751949.1_Eimeria_ferrisi              0.0038013 0.0153587 0.0007589 0.0010613 0.0009425 0.0000010 0.0000010 0.0009567 0.0018872 0.0000010 0.0018904 0.0007490 0.0000010 0.0009402 0.0007730 0.0018609 0.0022440 0.0000000 0.0017017 0.0009419 0.0008986 0.0000010 0.0010737 0.0007536 0.0000010 0.0007764 0.0007466 0.0000010 0.0007471 0.0000010 0.0000010 0.0000010 0.0015077 0.0000010 0.0007466 0.0000010 0.0010466 0.0007536 0.0007536 0.0007536 0.0015448 0.0007647 0.0007466 0.0015077 0.0009402 0.0007603 0.0008318 0.0007603 0.0007466 0.0016835 0.0010206 0.0015017 0.0039758 0.0007479 0.0007466 0.0007466 0.0010079 0.0007479 0.0007466 0.0017931 0.0007466 0.0007466 0.0007466 0.0037016 0.0047811 0.0023520 0.0043300 0.0016524 0.0007726 0.0000010 0.0038836 0.0000010 0.0000010 0.0032309 0.0000010 0.0007970 0.0007799 0.0008505 0.0000010 0.0116395 0.0105014 0.0104900 0.0106847 0.0124281 0.0105751 0.0081775 0.0126168 0.0157026 0.0113352 0.0129328 0.0116176 0.0119753 0.0121324 0.0105866 0.0136673 0.0109532 0.0109947 0.0117509 0.0095222 0.0088425 0.0091340 0.0095712 0.0098143 0.0095118 0.0102169 0.0102246 0.0111729 0.0281757 0.0384970 0.0326220 
MH751950.1_Eimeria_ferrisi              0.0000010 0.0145335 0.0017017 0.0010613 0.0009450 0.0000010 0.0000010 0.0009567 0.0018935 0.0000010 0.0018955 0.0017066 0.0000010 0.0009440 0.0017108 0.0027955 0.0034098 0.0017017 0.0000000 0.0000010 0.0000010 0.0017028 0.0010737 0.0017017 0.0000010 0.0017208 0.0017017 0.0017086 0.0017017 0.0000010 0.0000010 0.0000010 0.0017017 0.0009195 0.0017017 0.0017017 0.0000010 0.0017017 0.0017017 0.0017017 0.0025636 0.0025537 0.0017017 0.0025537 0.0009440 0.0017017 0.0025610 0.0017017 0.0017017 0.0000010 0.0010206 0.0025688 0.0039758 0.0017048 0.0017017 0.0017017 0.0010079 0.0017050 0.0017017 0.0037270 0.0017017 0.0017017 0.0017017 0.0055695 0.0038430 0.0025537 0.0061403 0.0026403 0.0017017 0.0000010 0.0034120 0.0030737 0.0000010 0.0022146 0.0018669 0.0017086 0.0017169 0.0025687 0.0019492 0.0116714 0.0105297 0.0105183 0.0129434 0.0124617 0.0129307 0.0081775 0.0126644 0.0168642 0.0137991 0.0155706 0.0137991 0.0114673 0.0147184 0.0129464 0.0146765 0.0129307 0.0129434 0.0137991 0.0095547 0.0095761 0.0120603 0.0095970 0.0120603 0.0095443 0.0121430 0.0122090 0.0130653 0.0285471 0.0402401 0.0339082 
MH751953.1_Eimeria_ferrisi              0.0047291 0.0191557 0.0009419 0.0010613 0.0009425 0.0000010 0.0000010 0.0009567 0.0028338 0.0009419 0.0018904 0.0009455 0.0000010 0.0018858 0.0009419 0.0019152 0.0028330 0.0009419 0.0000010 0.0000000 0.0009989 0.0009427 0.0010737 0.0009419 0.0009419 0.0009419 0.0009419 0.0009419 0.0009419 0.0000010 0.0000010 0.0000010 0.0009419 0.0009419 0.0009419 0.0009419 0.0011958 0.0009419 0.0009419 0.0009419 0.0018858 0.0018858 0.0009419 0.0018858 0.0018858 0.0009419 0.0009480 0.0009419 0.0009419 0.0009419 0.0010206 0.0018982 0.0039758 0.0009440 0.0009419 0.0009419 0.0010079 0.0009441 0.0009419 0.0020908 0.0009419 0.0009419 0.0009419 0.0038630 0.0051083 0.0018858 0.0000010 0.0018858 0.0009419 0.0000010 0.0028352 0.0000010 0.0009463 0.0033131 0.0000010 0.0009419 0.0009419 0.0018858 0.0000010 0.0116395 0.0105014 0.0105014 0.0114605 0.0124281 0.0114479 0.0081775 0.0136850 0.0182083 0.0124080 0.0133917 0.0124080 0.0124080 0.0134202 0.0114633 0.0133772 0.0114479 0.0114605 0.0124080 0.0104860 0.0105209 0.0104860 0.0095712 0.0104860 0.0104860 0.0104860 0.0105345 0.0114560 0.0294620 0.0385224 0.0352029 
MH751954.1_Eimeria_ferrisi              0.0000010 0.0114668 0.0000010 0.0010613 0.0009990 0.0000010 0.0000010 0.0010107 0.0019989 0.0000010 0.0020007 0.0000026 0.0000010 0.0009983 0.0000010 0.0020320 0.0017979 0.0008986 0.0000010 0.0009989 0.0000000 0.0008992 0.0010737 0.0000010 0.0000010 0.0000010 0.0000010 0.0009096 0.0000010 0.0000010 0.0000010 0.0000010 0.0000010 0.0009263 0.0000010 0.0008986 0.0000010 0.0000010 0.0000010 0.0000010 0.0008981 0.0017980 0.0000010 0.0008981 0.0009983 0.0000010 0.0010051 0.0000010 0.0000010 0.0018240 0.0010286 0.0009037 0.0039758 0.0000010 0.0000010 0.0000010 0.0010095 0.0000010 0.0000010 0.0022300 0.0000010 0.0000010 0.0000010 0.0021760 0.0035808 0.0018902 0.0000010 0.0009341 0.0000010 0.0000010 0.0037389 0.0000010 0.0000010 0.0021512 0.0000010 0.0000010 0.0000010 0.0009969 0.0000010 0.0121590 0.0111398 0.0111398 0.0100002 0.0131747 0.0099895 0.0082511 0.0126168 0.0145117 0.0109033 0.0118369 0.0110265 0.0117001 0.0118602 0.0100024 0.0136103 0.0103482 0.0103955 0.0113070 0.0100995 0.0102794 0.0099930 0.0101349 0.0090750 0.0100995 0.0090750 0.0091150 0.0101087 0.0278784 0.0366527 0.0303915 
MH751955.1_Eimeria_ferrisi              0.0038013 0.0153587 0.0007618 0.0010621 0.0009432 0.0000010 0.0000010 0.0009574 0.0018886 0.0000010 0.0018918 0.0007604 0.0000010 0.0009410 0.0007735 0.0018623 0.0022793 0.0000010 0.0017028 0.0009427 0.0008992 0.0000000 0.0010747 0.0007584 0.0000010 0.0007778 0.0007584 0.0000010 0.0007584 0.0000010 0.0000010 0.0000010 0.0007584 0.0000010 0.0007584 0.0000010 0.0010492 0.0007584 0.0007584 0.0007584 0.0015476 0.0007652 0.0007584 0.0015174 0.0009410 0.0007617 0.0008367 0.0007617 0.0007584 0.0016846 0.0010214 0.0015254 0.0039799 0.0007597 0.0007584 0.0007584 0.0010087 0.0007597 0.0007584 0.0018245 0.0007584 0.0007584 0.0007584 0.0037070 0.0047855 0.0023879 0.0044533 0.0016535 0.0007842 0.0000010 0.0039423 0.0000010 0.0000010 0.0032336 0.0000010 0.0007976 0.0007804 0.0008511 0.0000010 0.0116483 0.0105092 0.0104978 0.0107531 0.0124374 0.0107437 0.0081841 0.0126262 0.0157173 0.0115159 0.0131242 0.0116789 0.0119839 0.0123260 0.0107554 0.0138812 0.0111200 0.0111628 0.0119302 0.0095292 0.0088486 0.0091920 0.0095783 0.0099702 0.0095189 0.0102231 0.0102434 0.0111798 0.0282338 0.0391339 0.0327146 
MH751958.1_Eimeria_ferrisi              0.0000010 0.0000010 0.0010737 0.0000010 0.0000010 0.0010737 0.0010737 0.0000010 0.0010742 0.0010737 0.0010746 0.0010778 0.0010760 0.0000010 0.0010737 0.0032363 0.0000020 0.0010737 0.0010737 0.0010737 0.0010737 0.0010747 0.0000000 0.0010737 0.0010737 0.0010737 0.0010737 0.0010737 0.0010737 0.0010737 0.0010737 0.0010737 0.0010737 0.0010737 0.0010737 0.0010737 0.0012920 0.0010737 0.0010737 0.0010737 0.0000010 0.0000010 0.0010737 0.0000010 0.0000010 0.0010737 0.0000010 0.0010737 0.0010737 0.0010737 0.0021823 0.0021651 0.0026517 0.0010763 0.0010737 0.0010737 0.0000010 0.0010764 0.0010737 0.0033812 0.0010737 0.0010737 0.0010737 0.0000010 0.0027693 0.0000010 0.0021339 0.0000010 0.0010737 0.0011677 0.0010737 0.0021515 0.0010737 0.0011841 0.0010737 0.0010737 0.0010737 0.0000010 0.0011263 0.0086899 0.0075993 0.0075993 0.0075993 0.0097780 0.0075899 0.0076087 0.0089719 0.0121999 0.0086791 0.0097885 0.0086791 0.0086791 0.0098118 0.0076015 0.0097765 0.0075899 0.0075993 0.0086791 0.0086791 0.0086939 0.0086791 0.0087047 0.0086791 0.0086791 0.0086791 0.0087249 0.0097803 0.0289486 0.0383554 0.0338146 
MH751959.1_Eimeria_ferrisi              0.0000010 0.0114668 0.0000010 0.0010613 0.0009425 0.0000010 0.0000010 0.0009567 0.0018872 0.0000010 0.0018904 0.0000023 0.0000010 0.0009402 0.0000010 0.0018609 0.0015084 0.0007536 0.0017017 0.0009419 0.0000010 0.0007584 0.0010737 0.0000000 0.0000010 0.0000010 0.0000010 0.0007847 0.0000010 0.0000010 0.0000010 0.0000010 0.0000010 0.0008549 0.0000010 0.0007536 0.0000010 0.0000010 0.0000010 0.0000010 0.0007667 0.0015310 0.0000010 0.0007492 0.0009402 0.0000010 0.0008318 0.0000010 0.0000010 0.0025285 0.0010206 0.0007531 0.0039758 0.0000010 0.0000010 0.0000010 0.0010079 0.0000010 0.0000010 0.0018132 0.0000010 0.0000010 0.0000010 0.0037016 0.0035808 0.0015819 0.0044089 0.0008254 0.0000010 0.0000010 0.0031333 0.0000010 0.0000010 0.0021512 0.0000010 0.0000010 0.0000010 0.0008505 0.0000010 0.0116395 0.0105014 0.0104900 0.0098580 0.0124281 0.0098495 0.0081775 0.0126168 0.0144737 0.0106114 0.0122765 0.0108331 0.0110420 0.0114082 0.0098600 0.0129800 0.0102599 0.0102999 0.0110646 0.0095222 0.0097407 0.0098638 0.0095712 0.0090860 0.0095118 0.0094225 0.0093759 0.0103647 0.0279972 0.0386528 0.0323392 
MH751961.1_Eimeria_ferrisi              0.0000010 0.0142867 0.0000010 0.0010613 0.0009425 0.0000010 0.0000010 0.0009567 0.0018872 0.0000010 0.0018904 0.0000028 0.0000010 0.0009402 0.0000010 0.0019131 0.0018847 0.0000010 0.0000010 0.0009419 0.0000010 0.0000010 0.0010737 0.0000010 0.0000000 0.0000010 0.0000010 0.0000010 0.0000010 0.0000010 0.0000010 0.0000010 0.0000010 0.0000010 0.0000010 0.0000010 0.0000010 0.0000010 0.0000010 0.0000010 0.0009402 0.0009402 0.0000010 0.0009402 0.0009402 0.0000010 0.0009469 0.0000010 0.0000010 0.0000010 0.0010206 0.0009461 0.0039758 0.0000010 0.0000010 0.0000010 0.0010079 0.0000010 0.0000010 0.0020883 0.0000010 0.0000010 0.0000010 0.0038545 0.0038249 0.0009402 0.0000010 0.0009402 0.0000010 0.0000010 0.0018861 0.0000010 0.0000010 0.0022060 0.0000010 0.0000010 0.0000010 0.0009402 0.0000010 0.0116395 0.0105014 0.0104900 0.0104824 0.0124281 0.0104709 0.0081775 0.0126168 0.0167799 0.0114285 0.0124080 0.0114285 0.0114285 0.0124341 0.0104850 0.0123947 0.0104709 0.0104824 0.0114285 0.0095222 0.0095434 0.0095118 0.0095712 0.0095118 0.0095118 0.0095118 0.0095557 0.0104784 0.0284471 0.0374491 0.0337380 
MH751962.1_Eimeria_ferrisi              0.0000010 0.0114668 0.0000010 0.0010613 0.0009425 0.0000010 0.0000010 0.0009567 0.0018872 0.0000010 0.0018904 0.0000024 0.0000010 0.0009402 0.0000010 0.0018609 0.0015548 0.0007764 0.0017208 0.0009419 0.0000010 0.0007778 0.0010737 0.0000010 0.0000010 0.0000000 0.0000010 0.0007899 0.0000010 0.0000010 0.0000010 0.0000010 0.0000010 0.0008549 0.0000010 0.0007764 0.0000010 0.0000010 0.0000010 0.0000010 0.0007659 0.0015612 0.0000010 0.0007718 0.0009402 0.0000010 0.0008610 0.0000010 0.0000010 0.0025285 0.0010206 0.0007698 0.0039758 0.0000010 0.0000010 0.0000010 0.0010079 0.0000010 0.0000010 0.0018811 0.0000010 0.0000010 0.0000010 0.0037016 0.0035808 0.0016331 0.0015560 0.0008254 0.0000010 0.0000010 0.0032351 0.0000010 0.0000010 0.0021512 0.0000010 0.0000010 0.0000010 0.0008549 0.0000010 0.0116395 0.0105014 0.0104900 0.0100899 0.0124281 0.0101557 0.0081775 0.0126168 0.0144737 0.0108613 0.0126632 0.0111774 0.0110420 0.0116772 0.0100921 0.0134130 0.0105928 0.0106351 0.0114230 0.0095222 0.0097407 0.0101712 0.0095712 0.0092999 0.0095118 0.0094612 0.0093348 0.0103806 0.0277685 0.0368801 0.0319787 
MH751963.1_Eimeria_ferrisi              0.0000010 0.0114668 0.0000010 0.0010613 0.0009425 0.0000010 0.0000010 0.0009567 0.0018872 0.0000010 0.0018904 0.0000023 0.0000010 0.0009402 0.0000010 0.0018609 0.0014897 0.0007466 0.0017017 0.0009419 0.0000010 0.0007584 0.0010737 0.0000010 0.0000010 0.0000010 0.0000000 0.0007847 0.0000010 0.0000010 0.0000010 0.0000010 0.0007377 0.0008549 0.0000010 0.0007466 0.0000010 0.0000010 0.0000010 0.0000010 0.0007610 0.0015310 0.0000010 0.0007492 0.0009402 0.0000010 0.0008318 0.0000010 0.0000010 0.0025285 0.0010206 0.0007324 0.0039758 0.0000010 0.0000010 0.0000010 0.0010079 0.0007318 0.0000010 0.0017863 0.0000010 0.0000010 0.0000010 0.0037016 0.0035808 0.0015614 0.0043038 0.0008254 0.0000010 0.0000010 0.0030930 0.0000010 0.0000010 0.0021512 0.0000010 0.0000010 0.0000010 0.0008505 0.0000010 0.0116395 0.0105014 0.0104900 0.0097495 0.0124281 0.0097271 0.0081775 0.0126168 0.0144737 0.0104061 0.0121218 0.0108331 0.0110420 0.0110937 0.0095890 0.0128075 0.0101279 0.0101662 0.0109213 0.0095222 0.0097407 0.0098638 0.0095712 0.0089039 0.0095118 0.0094225 0.0092269 0.0103647 0.0275001 0.0375489 0.0315580 
MH751965.1_Eimeria_ferrisi              0.0038013 0.0153587 0.0007847 0.0010613 0.0009425 0.0000010 0.0000010 0.0009567 0.0018872 0.0000010 0.0018904 0.0007865 0.0000010 0.0009402 0.0007857 0.0018609 0.0023583 0.0000010 0.0017086 0.0009419 0.0009096 0.0000010 0.0010737 0.0007847 0.0000010 0.0007899 0.0007847 0.0000000 0.0007847 0.0000010 0.0000010 0.0000010 0.0007847 0.0000010 0.0007847 0.0000010 0.0010700 0.0007847 0.0007847 0.0007847 0.0015701 0.0007841 0.0007847 0.0015701 0.0009402 0.0007847 0.0008549 0.0007847 0.0007847 0.0016835 0.0010206 0.0015780 0.0039758 0.0007861 0.0007847 0.0007847 0.0010079 0.0007862 0.0007847 0.0018664 0.0007847 0.0007847 0.0007847 0.0037016 0.0047811 0.0024361 0.0015372 0.0016524 0.0007993 0.0000010 0.0040208 0.0000010 0.0000010 0.0032309 0.0000010 0.0007970 0.0007882 0.0008505 0.0000010 0.0116395 0.0105014 0.0104900 0.0111300 0.0124281 0.0111200 0.0081775 0.0126168 0.0160042 0.0119193 0.0135461 0.0119193 0.0119753 0.0127594 0.0111324 0.0141674 0.0113430 0.0113872 0.0121693 0.0095222 0.0088425 0.0095136 0.0095712 0.0103182 0.0095118 0.0103436 0.0103950 0.0111831 0.0268684 0.0360729 0.0309215 
MH751966.1_Eimeria_ferrisi              0.0000010 0.0114668 0.0000010 0.0010613 0.0009425 0.0000010 0.0000010 0.0009567 0.0018872 0.0000010 0.0018904 0.0000023 0.0000010 0.0009402 0.0000010 0.0018609 0.0014906 0.0007471 0.0017017 0.0009419 0.0000010 0.0007584 0.0010737 0.0000010 0.0000010 0.0000010 0.0000010 0.0007847 0.0000000 0.0000010 0.0000010 0.0000010 0.0007537 0.0008549 0.0000010 0.0007471 0.0000010 0.0000010 0.0000010 0.0000010 0.0007722 0.0015310 0.0000010 0.0007537 0.0009402 0.0000010 0.0008318 0.0000010 0.0000010 0.0025285 0.0010206 0.0007475 0.0039758 0.0000010 0.0000010 0.0000010 0.0010079 0.0000010 0.0000010 0.0017845 0.0000010 0.0000010 0.0000010 0.0037016 0.0035808 0.0015600 0.0042968 0.0008254 0.0000010 0.0000010 0.0030902 0.0000010 0.0000010 0.0021512 0.0000010 0.0000010 0.0000010 0.0008505 0.0000010 0.0116395 0.0105014 0.0104900 0.0099183 0.0124281 0.0097774 0.0081775 0.0126168 0.0144737 0.0105338 0.0121116 0.0108331 0.0110420 0.0113244 0.0097878 0.0127958 0.0101190 0.0101571 0.0109116 0.0095222 0.0097407 0.0099126 0.0095712 0.0090557 0.0095118 0.0094225 0.0094350 0.0103647 0.0272849 0.0375398 0.0313969 
MH751967.1_Eimeria_ferrisi              0.0000010 0.0148346 0.0000010 0.0010638 0.0010083 0.0000010 0.0000010 0.0010131 0.0020192 0.0000010 0.0020200 0.0000029 0.0000010 0.0010083 0.0000010 0.0020361 0.0020202 0.0000010 0.0000010 0.0000010 0.0000010 0.0000010 0.0010737 0.0000010 0.0000010 0.0000010 0.0000010 0.0000010 0.0000010 0.0000000 0.0000010 0.0000010 0.0000010 0.0000010 0.0000010 0.0000010 0.0000010 0.0000010 0.0000010 0.0000010 0.0010083 0.0010083 0.0000010 0.0010083 0.0010083 0.0000010 0.0010083 0.0000010 0.0000010 0.0000010 0.0010314 0.0010153 0.0039758 0.0000010 0.0000010 0.0000010 0.0010118 0.0000010 0.0000010 0.0022359 0.0000010 0.0000010 0.0000010 0.0021869 0.0038637 0.0010083 0.0000010 0.0010083 0.0000010 0.0000010 0.0020209 0.0000010 0.0000010 0.0022246 0.0000010 0.0000010 0.0000010 0.0010083 0.0000010 0.0122743 0.0112455 0.0112455 0.0112455 0.0132996 0.0112323 0.0082705 0.0127205 0.0169635 0.0122600 0.0133129 0.0122600 0.0122600 0.0133429 0.0112485 0.0132975 0.0112323 0.0112455 0.0122600 0.0102029 0.0102192 0.0102029 0.0102311 0.0102029 0.0102029 0.0102029 0.0102534 0.0112409 0.0293075 0.0391934 0.0341087 
MH751968.1_Eimeria_ferrisi              0.0000010 0.0143388 0.0000010 0.0010613 0.0009425 0.0000010 0.0000010 0.0009567 0.0018883 0.0000010 0.0018904 0.0000028 0.0000010 0.0009425 0.0000010 0.0019152 0.0018880 0.0000010 0.0000010 0.0000010 0.0000010 0.0000010 0.0010737 0.0000010 0.0000010 0.0000010 0.0000010 0.0000010 0.0000010 0.0000010 0.0000000 0.0000010 0.0000010 0.0000010 0.0000010 0.0000010 0.0000010 0.0000010 0.0000010 0.0000010 0.0009425 0.0009425 0.0000010 0.0009425 0.0009425 0.0000010 0.0009480 0.0000010 0.0000010 0.0000010 0.0010206 0.0009487 0.0039758 0.0000010 0.0000010 0.0000010 0.0010079 0.0000010 0.0000010 0.0020908 0.0000010 0.0000010 0.0000010 0.0038630 0.0038292 0.0009425 0.0000010 0.0009425 0.0000010 0.0000010 0.0018892 0.0000010 0.0000010 0.0022076 0.0000010 0.0000010 0.0000010 0.0009425 0.0000010 0.0116395 0.0105014 0.0105014 0.0105014 0.0124281 0.0104898 0.0081775 0.0126269 0.0167977 0.0114489 0.0124301 0.0114489 0.0114489 0.0124568 0.0105039 0.0124167 0.0104898 0.0105014 0.0114489 0.0095290 0.0095607 0.0095290 0.0095712 0.0095290 0.0095290 0.0095290 0.0095731 0.0104972 0.0284685 0.0375193 0.0337744 
MH751969.1_Eimeria_ferrisi              0.0000010 0.0147788 0.0000010 0.0010613 0.0009520 0.0000010 0.0000010 0.0009567 0.0019063 0.0000010 0.0019075 0.0000028 0.0000010 0.0009520 0.0000010 0.0019232 0.0019071 0.0000010 0.0000010 0.0000010 0.0000010 0.0000010 0.0010737 0.0000010 0.0000010 0.0000010 0.0000010 0.0000010 0.0000010 0.0000010 0.0000010 0.0000000 0.0000010 0.0000010 0.0000010 0.0000010 0.0000010 0.0000010 0.0000010 0.0000010 0.0009520 0.0009520 0.0000010 0.0009520 0.0009520 0.0000010 0.0009520 0.0000010 0.0000010 0.0000010 0.0010206 0.0009583 0.0039758 0.0000010 0.0000010 0.0000010 0.0010079 0.0000010 0.0000010 0.0020999 0.0000010 0.0000010 0.0000010 0.0019410 0.0038599 0.0009520 0.0000010 0.0009520 0.0000010 0.0000010 0.0019078 0.0000010 0.0000010 0.0022227 0.0000010 0.0000010 0.0000010 0.0009520 0.0000010 0.0117103 0.0106087 0.0106087 0.0106087 0.0125460 0.0105963 0.0081775 0.0127102 0.0169452 0.0115664 0.0125582 0.0115664 0.0115664 0.0125844 0.0106107 0.0125445 0.0105963 0.0106087 0.0115664 0.0096259 0.0096583 0.0096259 0.0096690 0.0096259 0.0096259 0.0096259 0.0096712 0.0106039 0.0276410 0.0379142 0.0340715 
MH751970.1_Eimeria_ferrisi              0.0000010 0.0114668 0.0000010 0.0010613 0.0009425 0.0000010 0.0000010 0.0009567 0.0018872 0.0000010 0.0018904 0.0007556 0.0000010 0.0009402 0.0000010 0.0018609 0.0022637 0.0015077 0.0017017 0.0009419 0.0000010 0.0007584 0.0010737 0.0000010 0.0000010 0.0000010 0.0007377 0.0007847 0.0007537 0.0000010 0.0000010 0.0000010 0.0000000 0.0008549 0.0007371 0.0015077 0.0000010 0.0000010 0.0000010 0.0000010 0.0007610 0.0015310 0.0007439 0.0007492 0.0009402 0.0000010 0.0008318 0.0000010 0.0007532 0.0025285 0.0010206 0.0014823 0.0039758 0.0007383 0.0007371 0.0007371 0.0010079 0.0022194 0.0007371 0.0027209 0.0007371 0.0007371 0.0007371 0.0037016 0.0035808 0.0023737 0.0058821 0.0008254 0.0007796 0.0000010 0.0039182 0.0014703 0.0000010 0.0021512 0.0000010 0.0000010 0.0000010 0.0008505 0.0000010 0.0116395 0.0105014 0.0104900 0.0097495 0.0124281 0.0106105 0.0081775 0.0126168 0.0144737 0.0112922 0.0130479 0.0108331 0.0110420 0.0119739 0.0104488 0.0137958 0.0110532 0.0110958 0.0118588 0.0095222 0.0097407 0.0098638 0.0095712 0.0097383 0.0095118 0.0094225 0.0092190 0.0103647 0.0274734 0.0387878 0.0315154 
MH751972.1_Eimeria_ferrisi              0.0038013 0.0153587 0.0008549 0.0010613 0.0009425 0.0000010 0.0000010 0.0009567 0.0018872 0.0000010 0.0018904 0.0008575 0.0000010 0.0009402 0.0008549 0.0018609 0.0025705 0.0000010 0.0009195 0.0009419 0.0009263 0.0000010 0.0010737 0.0008549 0.0000010 0.0008549 0.0008549 0.0000010 0.0008549 0.0000010 0.0000010 0.0000010 0.0008549 0.0000000 0.0008549 0.0000010 0.0010941 0.0008549 0.0008549 0.0008549 0.0017102 0.0008542 0.0008549 0.0017102 0.0009402 0.0008549 0.0009215 0.0008549 0.0008549 0.0017118 0.0010206 0.0017211 0.0039758 0.0008566 0.0008549 0.0008549 0.0010079 0.0008567 0.0008549 0.0020263 0.0008549 0.0008549 0.0008549 0.0037016 0.0047811 0.0026147 0.0017617 0.0017244 0.0008575 0.0000010 0.0043138 0.0000010 0.0000010 0.0032309 0.0000010 0.0008549 0.0008549 0.0009145 0.0000010 0.0116395 0.0105014 0.0104900 0.0103872 0.0124281 0.0103773 0.0081775 0.0126168 0.0164184 0.0112473 0.0130162 0.0112473 0.0119753 0.0121591 0.0103899 0.0134183 0.0104152 0.0104590 0.0112997 0.0095222 0.0088808 0.0086302 0.0095712 0.0095050 0.0095118 0.0095050 0.0095455 0.0103840 0.0273712 0.0376163 0.0317265 
MH751979.1_Eimeria_ferrisi              0.0000010 0.0114668 0.0000010 0.0010613 0.0009425 0.0000010 0.0000010 0.0009567 0.0018872 0.0000010 0.0018904 0.0000023 0.0000010 0.0009402 0.0000010 0.0018609 0.0014897 0.0007466 0.0017017 0.0009419 0.0000010 0.0007584 0.0010737 0.0000010 0.0000010 0.0000010 0.0000010 0.0007847 0.0000010 0.0000010 0.0000010 0.0000010 0.0007371 0.0008549 0.0000000 0.0007466 0.0000010 0.0000010 0.0000010 0.0000010 0.0007610 0.0015310 0.0000010 0.0007492 0.0009402 0.0000010 0.0008318 0.0000010 0.0000010 0.0025285 0.0010206 0.0007239 0.0039758 0.0000010 0.0000010 0.0000010 0.0010079 0.0043887 0.0000010 0.0017845 0.0000010 0.0000010 0.0000010 0.0037016 0.0035808 0.0015600 0.0042968 0.0008254 0.0000010 0.0000010 0.0030902 0.0000010 0.0000010 0.0021512 0.0000010 0.0000010 0.0000010 0.0008505 0.0000010 0.0116395 0.0105014 0.0104900 0.0097495 0.0124281 0.0097188 0.0081775 0.0126168 0.0144737 0.0103973 0.0121116 0.0108331 0.0110420 0.0109376 0.0094538 0.0127958 0.0101190 0.0101571 0.0109116 0.0095222 0.0097407 0.0098638 0.0095712 0.0089039 0.0095118 0.0094225 0.0091004 0.0103647 0.0270787 0.0370035 0.0309039 
